time	V(signal)	V(vout)
0.000000000000000e+00	-1.074840e-04	1.694567e-01
1.953124890551744e-13	-1.074840e-04	1.694567e-01
3.906249781103488e-13	-1.074840e-04	1.694567e-01
7.812499562206976e-13	-1.074840e-04	1.694567e-01
1.562499912441395e-12	-1.074840e-04	1.694567e-01
3.124999824882790e-12	-1.074840e-04	1.694567e-01
6.249999649765581e-12	-1.074840e-04	1.694567e-01
1.249999929953116e-11	-1.074840e-04	1.694567e-01
2.499999859906232e-11	-1.074840e-04	1.694567e-01
4.999999719812465e-11	-1.074840e-04	1.694567e-01
9.999999439624929e-11	-1.074840e-04	1.694567e-01
1.999999887924986e-10	-1.074840e-04	1.694567e-01
3.999999775849972e-10	-1.074840e-04	1.694567e-01
7.999999551699943e-10	-1.074840e-04	1.694567e-01
1.599999910339989e-09	-1.074840e-04	1.694566e-01
3.199999820679977e-09	-1.074840e-04	1.694563e-01
6.399999641359955e-09	-1.074840e-04	1.694556e-01
1.279999928271991e-08	-1.074840e-04	1.694542e-01
2.559999856543982e-08	-1.074840e-04	1.694523e-01
4.513124856543982e-08	-1.074840e-04	1.694500e-01
4.757265481543982e-08	-1.074840e-04	1.694497e-01
5.245546731543982e-08	-1.074840e-04	1.694487e-01
6.222109231543981e-08	-1.074840e-04	1.694467e-01
8.175234231543981e-08	-1.074840e-04	1.694438e-01
1.000000000000000e-07	-1.074840e-04	1.694415e-01
1.000010000000000e-07	-1.071970e-04	1.694415e-01
1.000170000000000e-07	-9.801376e-05	1.694415e-01
1.000175000000000e-07	-9.772678e-05	1.694415e-01
1.000185000000000e-07	-9.715283e-05	1.694415e-01
1.000205000000000e-07	-9.600492e-05	1.694415e-01
1.000210000000000e-07	-9.571794e-05	1.694415e-01
1.000245000000000e-07	-9.374463e-05	1.694415e-01
1.000314999999999e-07	-9.001108e-05	1.694415e-01
1.000454999999998e-07	-8.339624e-05	1.694415e-01
1.000734999999997e-07	-7.357565e-05	1.694415e-01
1.001200000000000e-07	-6.730876e-05	1.694415e-01
1.001499728171934e-07	-6.730945e-05	1.694415e-01
1.001862481170124e-07	-6.731028e-05	1.694415e-01
1.002274756136705e-07	-6.731122e-05	1.694415e-01
1.003099306069867e-07	-6.731311e-05	1.694415e-01
1.004748405936191e-07	-6.731688e-05	1.694415e-01
1.008046605668838e-07	-6.732442e-05	1.694414e-01
1.014643005134133e-07	-6.733950e-05	1.694414e-01
1.027835804064723e-07	-6.736966e-05	1.694415e-01
1.054221401925903e-07	-6.742993e-05	1.694418e-01
1.106992597648263e-07	-6.755030e-05	1.694429e-01
1.212534989092982e-07	-6.779033e-05	1.694452e-01
1.236949051592983e-07	-6.784569e-05	1.694459e-01
1.285777176592982e-07	-6.795632e-05	1.694474e-01
1.383433426592982e-07	-6.817697e-05	1.694512e-01
1.578745926592982e-07	-6.861582e-05	1.694637e-01
1.603159989092982e-07	-6.867042e-05	1.694657e-01
1.651988114092982e-07	-6.877951e-05	1.694696e-01
1.664195145342982e-07	-6.880674e-05	1.694705e-01
1.688609207842982e-07	-6.886119e-05	1.694724e-01
1.737437332842983e-07	-6.896992e-05	1.694760e-01
1.749644364092983e-07	-6.899705e-05	1.694769e-01
1.774058426592983e-07	-6.905131e-05	1.694786e-01
1.822886551592983e-07	-6.915967e-05	1.694821e-01
1.920542801592983e-07	-6.937576e-05	1.694895e-01
2.115855301592983e-07	-6.980537e-05	1.695084e-01
2.311167801592983e-07	-7.023154e-05	1.695307e-01
2.506480301592982e-07	-7.065424e-05	1.695545e-01
2.701792801592982e-07	-7.107343e-05	1.695799e-01
2.897105301592982e-07	-7.148908e-05	1.696066e-01
3.092417801592982e-07	-7.190117e-05	1.696342e-01
3.287730301592982e-07	-7.230968e-05	1.696625e-01
3.483042801592982e-07	-7.271458e-05	1.696913e-01
3.678355301592982e-07	-7.311586e-05	1.697204e-01
3.873667801592982e-07	-7.351350e-05	1.697495e-01
4.068980301592982e-07	-7.390749e-05	1.697787e-01
4.264292801592982e-07	-7.429782e-05	1.698076e-01
4.459605301592982e-07	-7.468449e-05	1.698363e-01
4.654917801592982e-07	-7.506750e-05	1.698646e-01
4.850230301592982e-07	-7.544683e-05	1.698923e-01
5.045542801592983e-07	-7.582249e-05	1.699196e-01
5.240855301592983e-07	-7.619448e-05	1.699461e-01
5.436167801592984e-07	-7.656281e-05	1.699720e-01
5.631480301592984e-07	-7.692748e-05	1.699971e-01
5.826792801592985e-07	-7.728850e-05	1.700214e-01
6.022105301592985e-07	-7.764586e-05	1.700448e-01
6.217417801592986e-07	-7.799960e-05	1.700674e-01
6.412730301592986e-07	-7.834971e-05	1.700892e-01
6.608042801592987e-07	-7.869621e-05	1.701100e-01
6.803355301592987e-07	-7.903911e-05	1.701299e-01
6.998667801592988e-07	-7.937843e-05	1.701489e-01
7.193980301592988e-07	-7.971418e-05	1.701670e-01
7.389292801592989e-07	-8.004637e-05	1.701842e-01
7.584605301592989e-07	-8.037504e-05	1.702004e-01
7.779917801592990e-07	-8.070019e-05	1.702157e-01
7.975230301592990e-07	-8.102184e-05	1.702301e-01
8.170542801592991e-07	-8.134003e-05	1.702436e-01
8.365855301592991e-07	-8.165475e-05	1.702562e-01
8.561167801592992e-07	-8.196604e-05	1.702680e-01
8.756480301592992e-07	-8.227392e-05	1.702788e-01
8.951792801592993e-07	-8.257842e-05	1.702888e-01
9.147105301592993e-07	-8.287955e-05	1.702980e-01
9.342417801592994e-07	-8.317734e-05	1.703064e-01
9.537730301592995e-07	-8.347182e-05	1.703140e-01
9.733042801592995e-07	-8.376301e-05	1.703208e-01
9.928355301592996e-07	-8.405092e-05	1.703269e-01
1.000000000000001e-06	-8.415572e-05	1.703292e-01
1.004420830414060e-06	-6.451343e-05	1.703309e-01
1.007693317362359e-06	-2.461466e-05	1.703324e-01
1.010000000000000e-06	1.644244e-05	1.703337e-01
1.013849786587042e-06	9.378116e-05	1.703363e-01
1.014351721969907e-06	1.038483e-04	1.703367e-01
1.015355592735637e-06	1.239758e-04	1.703376e-01
1.015606560427070e-06	1.290052e-04	1.703379e-01
1.016108495809934e-06	1.390622e-04	1.703384e-01
1.017112366575664e-06	1.591662e-04	1.703397e-01
1.017363334267097e-06	1.641897e-04	1.703401e-01
1.017865269649962e-06	1.742349e-04	1.703409e-01
1.018869140415692e-06	1.943154e-04	1.703428e-01
1.019120108107124e-06	1.993330e-04	1.703433e-01
1.019622043489989e-06	2.093665e-04	1.703445e-01
1.020625914255719e-06	2.294235e-04	1.703471e-01
1.020876881947151e-06	2.344352e-04	1.703478e-01
1.021378817330016e-06	2.444570e-04	1.703493e-01
1.022382688095746e-06	2.644905e-04	1.703526e-01
1.022633655787179e-06	2.694964e-04	1.703535e-01
1.023135591170044e-06	2.795064e-04	1.703553e-01
1.024139461935773e-06	2.995165e-04	1.703593e-01
1.024390429627206e-06	3.045166e-04	1.703603e-01
1.024892365010071e-06	3.145149e-04	1.703625e-01
1.025896235775801e-06	3.345016e-04	1.703671e-01
1.026147203467233e-06	3.394958e-04	1.703684e-01
1.026649138850098e-06	3.494824e-04	1.703709e-01
1.027653009615828e-06	3.694458e-04	1.703762e-01
1.027903977307260e-06	3.744341e-04	1.703776e-01
1.028405912690125e-06	3.844091e-04	1.703804e-01
1.029409783455855e-06	4.043491e-04	1.703863e-01
1.029660751147288e-06	4.093316e-04	1.703879e-01
1.030162686530153e-06	4.192949e-04	1.703911e-01
1.031166557295882e-06	4.392116e-04	1.703977e-01
1.031417524987315e-06	4.441883e-04	1.703994e-01
1.031919460370180e-06	4.541400e-04	1.704029e-01
1.032923331135910e-06	4.740334e-04	1.704102e-01
1.033174298827342e-06	4.790042e-04	1.704121e-01
1.033676234210207e-06	4.889443e-04	1.704160e-01
1.034680104975937e-06	5.088144e-04	1.704240e-01
1.034931072667370e-06	5.137795e-04	1.704261e-01
1.035433008050235e-06	5.237079e-04	1.704303e-01
1.036436878815964e-06	5.435548e-04	1.704390e-01
1.036687846507397e-06	5.485141e-04	1.704413e-01
1.037189781890262e-06	5.584309e-04	1.704458e-01
1.038193652655992e-06	5.782546e-04	1.704553e-01
1.038444620347424e-06	5.832081e-04	1.704577e-01
1.038946555730289e-06	5.931134e-04	1.704626e-01
1.039950426496019e-06	6.129139e-04	1.704728e-01
1.040201394187451e-06	6.178616e-04	1.704755e-01
1.040703329570316e-06	6.277552e-04	1.704808e-01
1.041707200336046e-06	6.475327e-04	1.704917e-01
1.041958168027479e-06	6.524746e-04	1.704945e-01
1.042460103410344e-06	6.623567e-04	1.705002e-01
1.043463974176073e-06	6.821110e-04	1.705120e-01
1.043714941867506e-06	6.870471e-04	1.705150e-01
1.044216877250371e-06	6.969177e-04	1.705211e-01
1.045220748016101e-06	7.166489e-04	1.705336e-01
1.045471715707533e-06	7.215793e-04	1.705368e-01
1.045973651090398e-06	7.314383e-04	1.705433e-01
1.046977521856128e-06	7.511465e-04	1.705566e-01
1.047228489547560e-06	7.560711e-04	1.705600e-01
1.047730424930425e-06	7.659186e-04	1.705669e-01
1.048734295696155e-06	7.856038e-04	1.705811e-01
1.048985263387588e-06	7.905227e-04	1.705847e-01
1.049487198770453e-06	8.003587e-04	1.705921e-01
1.050491069536182e-06	8.200209e-04	1.706071e-01
1.050742037227615e-06	8.249339e-04	1.706109e-01
1.051243972610480e-06	8.347585e-04	1.706187e-01
1.052247843376210e-06	8.543977e-04	1.706345e-01
1.052498811067642e-06	8.593051e-04	1.706386e-01
1.053000746450507e-06	8.691181e-04	1.706468e-01
1.054004617216237e-06	8.887344e-04	1.706635e-01
1.054255584907670e-06	8.936360e-04	1.706678e-01
1.054757520290535e-06	9.034377e-04	1.706764e-01
1.055761391056264e-06	9.230311e-04	1.706941e-01
1.056012358747697e-06	9.279269e-04	1.706986e-01
1.056514294130562e-06	9.377171e-04	1.707077e-01
1.057518164896292e-06	9.572876e-04	1.707262e-01
1.057769132587724e-06	9.621778e-04	1.707309e-01
1.058271067970589e-06	9.719565e-04	1.707405e-01
1.059274938736319e-06	9.915042e-04	1.707600e-01
1.059525906427751e-06	9.963887e-04	1.707649e-01
1.060027841810616e-06	1.006156e-03	1.707749e-01
1.061031712576346e-06	1.025681e-03	1.707954e-01
1.061282680267779e-06	1.030560e-03	1.708006e-01
1.061784615650644e-06	1.040315e-03	1.708110e-01
1.062788486416373e-06	1.059818e-03	1.708324e-01
1.063039454107806e-06	1.064691e-03	1.708379e-01
1.063541389490671e-06	1.074435e-03	1.708488e-01
1.064545260256401e-06	1.093914e-03	1.708712e-01
1.064796227947833e-06	1.098782e-03	1.708769e-01
1.065298163330698e-06	1.108515e-03	1.708883e-01
1.066302034096428e-06	1.127972e-03	1.709116e-01
1.066553001787860e-06	1.132833e-03	1.709176e-01
1.067054937170725e-06	1.142555e-03	1.709295e-01
1.068058807936455e-06	1.161989e-03	1.709538e-01
1.068309775627888e-06	1.166845e-03	1.709600e-01
1.068811711010753e-06	1.176555e-03	1.709725e-01
1.069815581776483e-06	1.195967e-03	1.709978e-01
1.070066549467915e-06	1.200817e-03	1.710043e-01
1.070568484850780e-06	1.210516e-03	1.710172e-01
1.071572355616510e-06	1.229905e-03	1.710436e-01
1.071823323307942e-06	1.234749e-03	1.710503e-01
1.072325258690807e-06	1.244437e-03	1.710638e-01
1.073329129456537e-06	1.263803e-03	1.710912e-01
1.073580097147970e-06	1.268642e-03	1.710982e-01
1.074082032530835e-06	1.278319e-03	1.711122e-01
1.075085903296564e-06	1.297662e-03	1.711406e-01
1.075336870987997e-06	1.302495e-03	1.711479e-01
1.075838806370862e-06	1.312161e-03	1.711624e-01
1.076842677136592e-06	1.331481e-03	1.711919e-01
1.077093644828024e-06	1.336309e-03	1.711994e-01
1.077595580210889e-06	1.345963e-03	1.712145e-01
1.078599450976619e-06	1.365261e-03	1.712451e-01
1.078850418668051e-06	1.370083e-03	1.712529e-01
1.079352354050916e-06	1.379726e-03	1.712685e-01
1.080356224816646e-06	1.399002e-03	1.713002e-01
1.080607192508079e-06	1.403818e-03	1.713083e-01
1.081109127890944e-06	1.413450e-03	1.713244e-01
1.082112998656673e-06	1.432703e-03	1.713573e-01
1.082363966348106e-06	1.437514e-03	1.713656e-01
1.082865901730971e-06	1.447134e-03	1.713823e-01
1.083869772496701e-06	1.466365e-03	1.714162e-01
1.084120740188133e-06	1.471170e-03	1.714249e-01
1.084622675570998e-06	1.480779e-03	1.714421e-01
1.085626546336728e-06	1.499988e-03	1.714772e-01
1.085877514028160e-06	1.504787e-03	1.714861e-01
1.086379449411025e-06	1.514385e-03	1.715040e-01
1.087383320176755e-06	1.533571e-03	1.715402e-01
1.087634287868188e-06	1.538365e-03	1.715494e-01
1.088136223251053e-06	1.547952e-03	1.715678e-01
1.089140094016783e-06	1.567115e-03	1.716052e-01
1.089391061708215e-06	1.571904e-03	1.716146e-01
1.089892997091080e-06	1.581479e-03	1.716336e-01
1.090896867856810e-06	1.600620e-03	1.716722e-01
1.091147835548242e-06	1.605403e-03	1.716820e-01
1.091649770931107e-06	1.614968e-03	1.717016e-01
1.092653641696837e-06	1.634087e-03	1.717413e-01
1.092904609388270e-06	1.638864e-03	1.717513e-01
1.093406544771135e-06	1.648417e-03	1.717715e-01
1.094410415536864e-06	1.667514e-03	1.718124e-01
1.094661383228297e-06	1.672285e-03	1.718228e-01
1.095163318611162e-06	1.681827e-03	1.718436e-01
1.096167189376892e-06	1.700902e-03	1.718857e-01
1.096418157068324e-06	1.705668e-03	1.718964e-01
1.096920092451189e-06	1.715199e-03	1.719178e-01
1.097923963216919e-06	1.734251e-03	1.719611e-01
1.098174930908351e-06	1.739012e-03	1.719721e-01
1.098676866291216e-06	1.748531e-03	1.719941e-01
1.099680737056946e-06	1.767561e-03	1.720386e-01
1.099931704748379e-06	1.772317e-03	1.720499e-01
1.100433640131244e-06	1.781825e-03	1.720725e-01
1.101437510896973e-06	1.800833e-03	1.721183e-01
1.101688478588406e-06	1.805583e-03	1.721299e-01
1.102190413971271e-06	1.815080e-03	1.721531e-01
1.103194284737001e-06	1.834066e-03	1.722002e-01
1.103445252428433e-06	1.838810e-03	1.722121e-01
1.103947187811298e-06	1.848296e-03	1.722360e-01
1.104951058577028e-06	1.867260e-03	1.722842e-01
1.105202026268460e-06	1.871998e-03	1.722964e-01
1.105703961651325e-06	1.881474e-03	1.723210e-01
1.106707832417055e-06	1.900415e-03	1.723705e-01
1.106958800108488e-06	1.905148e-03	1.723830e-01
1.107460735491353e-06	1.914613e-03	1.724082e-01
1.108464606257083e-06	1.933532e-03	1.724590e-01
1.108715573948515e-06	1.938259e-03	1.724719e-01
1.109217509331380e-06	1.947713e-03	1.724977e-01
1.110221380097110e-06	1.966610e-03	1.725498e-01
1.110472347788542e-06	1.971332e-03	1.725629e-01
1.110974283171407e-06	1.980775e-03	1.725894e-01
1.111978153937137e-06	1.999650e-03	1.726428e-01
1.112229121628570e-06	2.004366e-03	1.726563e-01
1.112731057011435e-06	2.013798e-03	1.726834e-01
1.113734927777164e-06	2.032651e-03	1.727381e-01
1.113985895468597e-06	2.037362e-03	1.727519e-01
1.114487830851462e-06	2.046783e-03	1.727796e-01
1.115491701617192e-06	2.065614e-03	1.728357e-01
1.115742669308624e-06	2.070319e-03	1.728498e-01
1.116244604691489e-06	2.079729e-03	1.728782e-01
1.117248475457219e-06	2.098538e-03	1.729356e-01
1.117499443148651e-06	2.103238e-03	1.729501e-01
1.118001378531516e-06	2.112637e-03	1.729791e-01
1.119005249297246e-06	2.131424e-03	1.730378e-01
1.119256216988679e-06	2.136119e-03	1.730527e-01
1.119758152371544e-06	2.145506e-03	1.730824e-01
1.120762023137273e-06	2.164272e-03	1.731424e-01
1.121012990828706e-06	2.168961e-03	1.731576e-01
1.121514926211571e-06	2.178338e-03	1.731880e-01
1.122518796977301e-06	2.197082e-03	1.732494e-01
1.122769764668733e-06	2.201765e-03	1.732649e-01
1.123271700051598e-06	2.211131e-03	1.732959e-01
1.124275570817328e-06	2.229853e-03	1.733587e-01
1.124526538508761e-06	2.234531e-03	1.733745e-01
1.125028473891626e-06	2.243886e-03	1.734063e-01
1.126032344657355e-06	2.262586e-03	1.734704e-01
1.126283312348788e-06	2.267259e-03	1.734866e-01
1.126785247731653e-06	2.276603e-03	1.735190e-01
1.127789118497383e-06	2.295281e-03	1.735845e-01
1.128040086188815e-06	2.299949e-03	1.736011e-01
1.128542021571680e-06	2.309282e-03	1.736342e-01
1.129545892337410e-06	2.327938e-03	1.737011e-01
1.129796860028842e-06	2.332600e-03	1.737179e-01
1.130298795411707e-06	2.341922e-03	1.737518e-01
1.131302666177437e-06	2.360557e-03	1.738200e-01
1.131553633868870e-06	2.365214e-03	1.738373e-01
1.132055569251735e-06	2.374525e-03	1.738718e-01
1.133059440017464e-06	2.393138e-03	1.739415e-01
1.133310407708897e-06	2.397789e-03	1.739590e-01
1.133812343091762e-06	2.407090e-03	1.739943e-01
1.134816213857492e-06	2.425682e-03	1.740654e-01
1.135067181548924e-06	2.430327e-03	1.740833e-01
1.135569116931789e-06	2.439617e-03	1.741192e-01
1.136572987697519e-06	2.458187e-03	1.741917e-01
1.136823955388951e-06	2.462827e-03	1.742100e-01
1.137325890771816e-06	2.472106e-03	1.742466e-01
1.138329761537546e-06	2.490654e-03	1.743205e-01
1.138580729228979e-06	2.495289e-03	1.743392e-01
1.139082664611844e-06	2.504557e-03	1.743765e-01
1.140086535377573e-06	2.523084e-03	1.744519e-01
1.140337503069006e-06	2.527713e-03	1.744709e-01
1.140839438451871e-06	2.536971e-03	1.745090e-01
1.141843309217601e-06	2.555476e-03	1.745857e-01
1.142094276909033e-06	2.560100e-03	1.746051e-01
1.142596212291898e-06	2.569346e-03	1.746439e-01
1.143600083057628e-06	2.587830e-03	1.747221e-01
1.143851050749061e-06	2.592449e-03	1.747418e-01
1.144352986131926e-06	2.601685e-03	1.747814e-01
1.145356856897655e-06	2.620147e-03	1.748610e-01
1.145607824589088e-06	2.624760e-03	1.748811e-01
1.146109759971953e-06	2.633985e-03	1.749214e-01
1.147113630737683e-06	2.652426e-03	1.750025e-01
1.147364598429115e-06	2.657034e-03	1.750229e-01
1.147866533811980e-06	2.666248e-03	1.750639e-01
1.148870404577710e-06	2.684667e-03	1.751465e-01
1.149121372269142e-06	2.689270e-03	1.751673e-01
1.149623307652007e-06	2.698474e-03	1.752090e-01
1.150627178417737e-06	2.716871e-03	1.752931e-01
1.150878146109170e-06	2.721469e-03	1.753143e-01
1.151380081492035e-06	2.730662e-03	1.753567e-01
1.152383952257764e-06	2.749038e-03	1.754423e-01
1.152634919949197e-06	2.753630e-03	1.754638e-01
1.153136855332062e-06	2.762812e-03	1.755070e-01
1.154140726097792e-06	2.781167e-03	1.755941e-01
1.154391693789224e-06	2.785754e-03	1.756160e-01
1.154893629172089e-06	2.794925e-03	1.756599e-01
1.155897499937819e-06	2.813259e-03	1.757484e-01
1.156148467629251e-06	2.817840e-03	1.757707e-01
1.156650403012116e-06	2.827001e-03	1.758154e-01
1.157654273777846e-06	2.845314e-03	1.759054e-01
1.157905241469279e-06	2.849890e-03	1.759281e-01
1.158407176852144e-06	2.859040e-03	1.759735e-01
1.159411047617873e-06	2.877331e-03	1.760650e-01
1.159662015309306e-06	2.881902e-03	1.760881e-01
1.160163950692171e-06	2.891041e-03	1.761342e-01
1.161167821457901e-06	2.909311e-03	1.762273e-01
1.161418789149333e-06	2.913876e-03	1.762507e-01
1.161920724532198e-06	2.923005e-03	1.762976e-01
1.162924595297928e-06	2.941254e-03	1.763922e-01
1.163175562989361e-06	2.945814e-03	1.764160e-01
1.163677498372226e-06	2.954932e-03	1.764636e-01
1.164681369137955e-06	2.973160e-03	1.765597e-01
1.164932336829388e-06	2.977714e-03	1.765839e-01
1.165434272212253e-06	2.986822e-03	1.766323e-01
1.166438142977983e-06	3.005028e-03	1.767299e-01
1.166689110669415e-06	3.009578e-03	1.767544e-01
1.167191046052280e-06	3.018675e-03	1.768037e-01
1.168194916818010e-06	3.036860e-03	1.769028e-01
1.168445884509442e-06	3.041404e-03	1.769277e-01
1.168947819892307e-06	3.050491e-03	1.769777e-01
1.169951690658037e-06	3.068655e-03	1.770783e-01
1.170202658349470e-06	3.073194e-03	1.771036e-01
1.170704593732335e-06	3.082270e-03	1.771544e-01
1.171708464498064e-06	3.100413e-03	1.772565e-01
1.171959432189497e-06	3.104946e-03	1.772823e-01
1.172461367572362e-06	3.114012e-03	1.773338e-01
1.173465238338092e-06	3.132134e-03	1.774375e-01
1.173716206029524e-06	3.136662e-03	1.774636e-01
1.174218141412389e-06	3.145717e-03	1.775159e-01
1.175222012178119e-06	3.163817e-03	1.776211e-01
1.175472979869551e-06	3.168340e-03	1.776476e-01
1.175974915252416e-06	3.177385e-03	1.777007e-01
1.176978786018146e-06	3.195465e-03	1.778075e-01
1.177229753709579e-06	3.199982e-03	1.778343e-01
1.177731689092444e-06	3.209016e-03	1.778882e-01
1.178735559858174e-06	3.227075e-03	1.779965e-01
1.178986527549606e-06	3.231588e-03	1.780238e-01
1.179488462932471e-06	3.240611e-03	1.780784e-01
1.180492333698201e-06	3.258649e-03	1.781884e-01
1.180743301389633e-06	3.263156e-03	1.782160e-01
1.181245236772498e-06	3.272169e-03	1.782714e-01
1.182249107538228e-06	3.290186e-03	1.783829e-01
1.182500075229661e-06	3.294688e-03	1.784109e-01
1.183002010612526e-06	3.303690e-03	1.784671e-01
1.184005881378255e-06	3.321686e-03	1.785802e-01
1.184256849069688e-06	3.326183e-03	1.786086e-01
1.184758784452553e-06	3.335175e-03	1.786656e-01
1.185762655218283e-06	3.353150e-03	1.787802e-01
1.186013622909715e-06	3.357642e-03	1.788090e-01
1.186515558292580e-06	3.366623e-03	1.788668e-01
1.187519429058310e-06	3.384577e-03	1.789830e-01
1.187770396749742e-06	3.389064e-03	1.790122e-01
1.188272332132607e-06	3.398035e-03	1.790708e-01
1.189276202898337e-06	3.415968e-03	1.791885e-01
1.189527170589770e-06	3.420449e-03	1.792181e-01
1.190029105972635e-06	3.429410e-03	1.792775e-01
1.191032976738364e-06	3.447323e-03	1.793969e-01
1.191283944429797e-06	3.451799e-03	1.794269e-01
1.191785879812662e-06	3.460749e-03	1.794870e-01
1.192789750578392e-06	3.478640e-03	1.796080e-01
1.193040718269824e-06	3.483111e-03	1.796384e-01
1.193542653652689e-06	3.492051e-03	1.796993e-01
1.194546524418419e-06	3.509922e-03	1.798218e-01
1.194797492109851e-06	3.514388e-03	1.798526e-01
1.195299427492716e-06	3.523317e-03	1.799144e-01
1.196303298258446e-06	3.541168e-03	1.800385e-01
1.196554265949879e-06	3.545628e-03	1.800697e-01
1.197056201332744e-06	3.554547e-03	1.801322e-01
1.198060072098474e-06	3.572376e-03	1.802580e-01
1.198311039789906e-06	3.576832e-03	1.802896e-01
1.198812975172771e-06	3.585740e-03	1.803529e-01
1.199816845938501e-06	3.603549e-03	1.804802e-01
1.200067813629933e-06	3.607999e-03	1.805122e-01
1.200569749012798e-06	3.616898e-03	1.805764e-01
1.201573619778528e-06	3.634686e-03	1.807053e-01
1.201824587469961e-06	3.639131e-03	1.807377e-01
1.202326522852826e-06	3.648019e-03	1.808026e-01
1.203330393618555e-06	3.665786e-03	1.809332e-01
1.203581361309988e-06	3.670226e-03	1.809660e-01
1.204083296692853e-06	3.679104e-03	1.810317e-01
1.205087167458583e-06	3.696851e-03	1.811639e-01
1.205338135150015e-06	3.701285e-03	1.811971e-01
1.205840070532880e-06	3.710153e-03	1.812636e-01
1.206843941298610e-06	3.727879e-03	1.813974e-01
1.207094908990042e-06	3.732309e-03	1.814310e-01
1.207596844372907e-06	3.741166e-03	1.814983e-01
1.208600715138637e-06	3.758872e-03	1.816337e-01
1.208851682830070e-06	3.763296e-03	1.816677e-01
1.209353618212935e-06	3.772143e-03	1.817359e-01
1.210357488978664e-06	3.789828e-03	1.818729e-01
1.210608456670097e-06	3.794247e-03	1.819073e-01
1.211110392052962e-06	3.803084e-03	1.819763e-01
1.212114262818692e-06	3.820749e-03	1.821149e-01
1.212365230510124e-06	3.825163e-03	1.821497e-01
1.212867165892989e-06	3.833989e-03	1.822195e-01
1.213871036658719e-06	3.851633e-03	1.823597e-01
1.214122004350151e-06	3.856042e-03	1.823950e-01
1.214623939733016e-06	3.864858e-03	1.824655e-01
1.215627810498746e-06	3.882482e-03	1.826074e-01
1.215878778190179e-06	3.886886e-03	1.826430e-01
1.216380713573044e-06	3.895692e-03	1.827144e-01
1.217384584338774e-06	3.913295e-03	1.828579e-01
1.217635552030206e-06	3.917694e-03	1.828940e-01
1.218137487413071e-06	3.926490e-03	1.829662e-01
1.219141358178801e-06	3.944072e-03	1.831113e-01
1.219392325870233e-06	3.948466e-03	1.831478e-01
1.219894261253098e-06	3.957252e-03	1.832208e-01
1.220898132018828e-06	3.974814e-03	1.833675e-01
1.221149099710261e-06	3.979202e-03	1.834044e-01
1.221651035093126e-06	3.987978e-03	1.834782e-01
1.222654905858855e-06	4.005520e-03	1.836266e-01
1.222905873550288e-06	4.009903e-03	1.836639e-01
1.223407808933153e-06	4.018669e-03	1.837385e-01
1.224411679698883e-06	4.036190e-03	1.838886e-01
1.224662647390315e-06	4.040569e-03	1.839263e-01
1.225164582773180e-06	4.049324e-03	1.840017e-01
1.226168453538910e-06	4.066825e-03	1.841534e-01
1.226419421230342e-06	4.071198e-03	1.841915e-01
1.226921356613207e-06	4.079944e-03	1.842678e-01
1.227925227378937e-06	4.097424e-03	1.844211e-01
1.228176195070370e-06	4.101793e-03	1.844596e-01
1.228678130453235e-06	4.110527e-03	1.845367e-01
1.229682001218964e-06	4.127988e-03	1.846916e-01
1.229932968910397e-06	4.132351e-03	1.847305e-01
1.230434904293262e-06	4.141076e-03	1.848084e-01
1.231438775058992e-06	4.158517e-03	1.849650e-01
1.231689742750424e-06	4.162875e-03	1.850043e-01
1.232191678133289e-06	4.171589e-03	1.850831e-01
1.233195548899019e-06	4.189010e-03	1.852413e-01
1.233446516590452e-06	4.193363e-03	1.852811e-01
1.233948451973317e-06	4.202067e-03	1.853606e-01
1.234952322739046e-06	4.219467e-03	1.855205e-01
1.235203290430479e-06	4.223815e-03	1.855606e-01
1.235705225813344e-06	4.232510e-03	1.856410e-01
1.236709096579074e-06	4.249890e-03	1.858025e-01
1.236960064270506e-06	4.254233e-03	1.858431e-01
1.237461999653371e-06	4.262917e-03	1.859243e-01
1.238465870419101e-06	4.280277e-03	1.860875e-01
1.238716838110533e-06	4.284615e-03	1.861284e-01
1.239218773493398e-06	4.293289e-03	1.862105e-01
1.240222644259128e-06	4.310628e-03	1.863753e-01
1.240473611950561e-06	4.314961e-03	1.864167e-01
1.240975547333426e-06	4.323625e-03	1.864995e-01
1.241979418099155e-06	4.340945e-03	1.866660e-01
1.242230385790588e-06	4.345273e-03	1.867078e-01
1.242732321173453e-06	4.353927e-03	1.867915e-01
1.243736191939183e-06	4.371227e-03	1.869596e-01
1.243987159630615e-06	4.375549e-03	1.870018e-01
1.244489095013480e-06	4.384194e-03	1.870863e-01
1.245492965779210e-06	4.401473e-03	1.872561e-01
1.245743933470642e-06	4.405791e-03	1.872987e-01
1.246245868853507e-06	4.414425e-03	1.873840e-01
1.247249739619237e-06	4.431685e-03	1.875554e-01
1.247500707310670e-06	4.435997e-03	1.875985e-01
1.248002642693535e-06	4.444622e-03	1.876846e-01
1.249006513459264e-06	4.461861e-03	1.878577e-01
1.249257481150697e-06	4.466169e-03	1.879011e-01
1.249759416533562e-06	4.474783e-03	1.879881e-01
1.250763287299292e-06	4.492003e-03	1.881628e-01
1.251014254990724e-06	4.496306e-03	1.882067e-01
1.251516190373589e-06	4.504910e-03	1.882945e-01
1.252520061139319e-06	4.522109e-03	1.884709e-01
1.252771028830752e-06	4.526407e-03	1.885152e-01
1.253272964213617e-06	4.535001e-03	1.886038e-01
1.254276834979346e-06	4.552181e-03	1.887818e-01
1.254527802670779e-06	4.556474e-03	1.888265e-01
1.255029738053644e-06	4.565058e-03	1.889160e-01
1.256033608819374e-06	4.582218e-03	1.890957e-01
1.256284576510806e-06	4.586506e-03	1.891408e-01
1.256786511893671e-06	4.595080e-03	1.892311e-01
1.257790382659401e-06	4.612220e-03	1.894124e-01
1.258041350350833e-06	4.616503e-03	1.894579e-01
1.258543285733698e-06	4.625067e-03	1.895490e-01
1.259547156499428e-06	4.642187e-03	1.897320e-01
1.259798124190861e-06	4.646465e-03	1.897779e-01
1.260300059573726e-06	4.655019e-03	1.898699e-01
1.261303930339455e-06	4.672120e-03	1.900546e-01
1.261554898030888e-06	4.676393e-03	1.901009e-01
1.262056833413753e-06	4.684937e-03	1.901937e-01
1.263060704179483e-06	4.702018e-03	1.903800e-01
1.263311671870915e-06	4.706286e-03	1.904267e-01
1.263813607253780e-06	4.714821e-03	1.905203e-01
1.264817478019510e-06	4.731881e-03	1.907083e-01
1.265068445710942e-06	4.736144e-03	1.907555e-01
1.265570381093807e-06	4.744669e-03	1.908499e-01
1.266574251859537e-06	4.761710e-03	1.910395e-01
1.266825219550970e-06	4.765968e-03	1.910871e-01
1.267327154933835e-06	4.774483e-03	1.911824e-01
1.268331025699564e-06	4.791504e-03	1.913736e-01
1.268581993390997e-06	4.795758e-03	1.914216e-01
1.269083928773862e-06	4.804262e-03	1.915177e-01
1.270087799539592e-06	4.821264e-03	1.917107e-01
1.270338767231024e-06	4.825512e-03	1.917591e-01
1.270840702613889e-06	4.834007e-03	1.918560e-01
1.271844573379619e-06	4.850989e-03	1.920506e-01
1.272095541071052e-06	4.855233e-03	1.920994e-01
1.272597476453917e-06	4.863718e-03	1.921972e-01
1.273601347219646e-06	4.880680e-03	1.923934e-01
1.273852314911079e-06	4.884919e-03	1.924426e-01
1.274354250293944e-06	4.893394e-03	1.925412e-01
1.275358121059674e-06	4.910337e-03	1.927391e-01
1.275609088751106e-06	4.914570e-03	1.927887e-01
1.276111024133971e-06	4.923036e-03	1.928882e-01
1.277114894899701e-06	4.939959e-03	1.930877e-01
1.277365862591133e-06	4.944188e-03	1.931378e-01
1.277867797973998e-06	4.952644e-03	1.932380e-01
1.278871668739728e-06	4.969547e-03	1.934392e-01
1.279122636431161e-06	4.973771e-03	1.934897e-01
1.279624571814026e-06	4.982217e-03	1.935908e-01
1.280628442579755e-06	4.999100e-03	1.937936e-01
1.280879410271188e-06	5.003319e-03	1.938445e-01
1.281381345654053e-06	5.011756e-03	1.939464e-01
1.282385216419783e-06	5.028620e-03	1.941509e-01
1.282636184111215e-06	5.032834e-03	1.942022e-01
1.283138119494080e-06	5.041260e-03	1.943049e-01
1.284141990259810e-06	5.058105e-03	1.945111e-01
1.284392957951242e-06	5.062314e-03	1.945628e-01
1.284894893334107e-06	5.070731e-03	1.946664e-01
1.285898764099837e-06	5.087556e-03	1.948742e-01
1.286149731791270e-06	5.091761e-03	1.949263e-01
1.286651667174135e-06	5.100168e-03	1.950307e-01
1.287655537939865e-06	5.116974e-03	1.952401e-01
1.287906505631297e-06	5.121173e-03	1.952927e-01
1.288408441014162e-06	5.129570e-03	1.953979e-01
1.289412311779892e-06	5.146357e-03	1.956090e-01
1.289663279471324e-06	5.150551e-03	1.956620e-01
1.290165214854189e-06	5.158939e-03	1.957680e-01
1.291169085619919e-06	5.175706e-03	1.959808e-01
1.291420053311352e-06	5.179896e-03	1.960341e-01
1.291921988694217e-06	5.188273e-03	1.961410e-01
1.292925859459946e-06	5.205021e-03	1.963554e-01
1.293176827151379e-06	5.209206e-03	1.964092e-01
1.293678762534244e-06	5.217574e-03	1.965169e-01
1.294682633299974e-06	5.234302e-03	1.967329e-01
1.294933600991406e-06	5.238482e-03	1.967871e-01
1.295435536374271e-06	5.246840e-03	1.968956e-01
1.296439407140001e-06	5.263549e-03	1.971133e-01
1.296690374831433e-06	5.267724e-03	1.971679e-01
1.297192310214298e-06	5.276074e-03	1.972772e-01
1.298196180980028e-06	5.292763e-03	1.974966e-01
1.298447148671461e-06	5.296933e-03	1.975516e-01
1.298949084054326e-06	5.305273e-03	1.976618e-01
1.299952954820055e-06	5.321943e-03	1.978828e-01
1.300203922511488e-06	5.326108e-03	1.979382e-01
1.300705857894353e-06	5.334438e-03	1.980492e-01
1.301709728660083e-06	5.351089e-03	1.982718e-01
1.301960696351515e-06	5.355250e-03	1.983277e-01
1.302462631734380e-06	5.363570e-03	1.984395e-01
1.303466502500110e-06	5.380201e-03	1.986638e-01
1.303717470191542e-06	5.384357e-03	1.987200e-01
1.304219405574407e-06	5.392667e-03	1.988326e-01
1.305223276340137e-06	5.409280e-03	1.990585e-01
1.305474244031570e-06	5.413431e-03	1.991152e-01
1.305976179414435e-06	5.421732e-03	1.992286e-01
1.306980050180165e-06	5.438325e-03	1.994562e-01
1.307231017871597e-06	5.442471e-03	1.995133e-01
1.307732953254462e-06	5.450762e-03	1.996275e-01
1.308736824020192e-06	5.467336e-03	1.998568e-01
1.308987791711624e-06	5.471478e-03	1.999142e-01
1.309489727094489e-06	5.479759e-03	2.000293e-01
1.310493597860219e-06	5.496314e-03	2.002602e-01
1.310744565551652e-06	5.500451e-03	2.003181e-01
1.311246500934517e-06	5.508723e-03	2.004340e-01
1.312250371700246e-06	5.525258e-03	2.006664e-01
1.312501339391679e-06	5.529390e-03	2.007247e-01
1.313003274774544e-06	5.537653e-03	2.008414e-01
1.314007145540274e-06	5.554169e-03	2.010756e-01
1.314258113231706e-06	5.558297e-03	2.011343e-01
1.314760048614571e-06	5.566549e-03	2.012518e-01
1.315763919380301e-06	5.583047e-03	2.014876e-01
1.316014887071733e-06	5.587169e-03	2.015467e-01
1.316516822454598e-06	5.595413e-03	2.016650e-01
1.317520693220328e-06	5.611891e-03	2.019024e-01
1.317771660911761e-06	5.616009e-03	2.019619e-01
1.318273596294626e-06	5.624243e-03	2.020811e-01
1.319277467060355e-06	5.640702e-03	2.023201e-01
1.319528434751788e-06	5.644815e-03	2.023801e-01
1.320030370134653e-06	5.653039e-03	2.025000e-01
1.321034240900383e-06	5.669479e-03	2.027407e-01
1.321285208591815e-06	5.673587e-03	2.028010e-01
1.321787143974680e-06	5.681802e-03	2.029218e-01
1.322791014740410e-06	5.698224e-03	2.031641e-01
1.324798756271870e-06	5.731034e-03	2.036512e-01
1.328814239334789e-06	5.796525e-03	2.046344e-01
1.336845205460628e-06	5.926988e-03	2.066354e-01
1.352625561537988e-06	6.181344e-03	2.107107e-01
1.372156811537988e-06	6.492527e-03	2.160240e-01
1.391688061537988e-06	6.799740e-03	2.216339e-01
1.411219311537988e-06	7.103038e-03	2.275386e-01
1.430750561537988e-06	7.402472e-03	2.337350e-01
1.450281811537988e-06	7.698093e-03	2.402185e-01
1.469813061537988e-06	7.989952e-03	2.469841e-01
1.489344311537989e-06	8.278098e-03	2.540257e-01
1.508875561537989e-06	8.562581e-03	2.613365e-01
1.528406811537989e-06	8.843448e-03	2.689091e-01
1.547938061537989e-06	9.120748e-03	2.767358e-01
1.567469311537989e-06	9.394527e-03	2.848082e-01
1.587000561537989e-06	9.664832e-03	2.931178e-01
1.606531811537989e-06	9.931708e-03	3.016557e-01
1.626063061537989e-06	1.019520e-02	3.104128e-01
1.645594311537989e-06	1.045535e-02	3.193800e-01
1.665125561537989e-06	1.071221e-02	3.285479e-01
1.684656811537989e-06	1.096581e-02	3.379072e-01
1.704188061537989e-06	1.121620e-02	3.474484e-01
1.723719311537989e-06	1.146342e-02	3.571622e-01
1.743250561537989e-06	1.170752e-02	3.670392e-01
1.762781811537989e-06	1.194852e-02	3.770703e-01
1.782313061537989e-06	1.218648e-02	3.872461e-01
1.801844311537989e-06	1.242143e-02	3.975578e-01
1.821375561537989e-06	1.265342e-02	4.079963e-01
1.840906811537989e-06	1.288247e-02	4.185529e-01
1.860438061537989e-06	1.310863e-02	4.292190e-01
1.879969311537990e-06	1.333194e-02	4.399862e-01
1.899500561537990e-06	1.355242e-02	4.508462e-01
1.919031811537990e-06	1.377013e-02	4.617910e-01
1.938563061537990e-06	1.398509e-02	4.728128e-01
1.958094311537990e-06	1.419733e-02	4.839039e-01
1.977625561537990e-06	1.440690e-02	4.950569e-01
1.997156811537990e-06	1.461383e-02	5.062646e-01
2.016688061537990e-06	1.481815e-02	5.175199e-01
2.036219311537990e-06	1.501990e-02	5.288162e-01
2.055750561537990e-06	1.521911e-02	5.401468e-01
2.075281811537990e-06	1.541580e-02	5.515053e-01
2.094813061537990e-06	1.561002e-02	5.628858e-01
2.114344311537990e-06	1.580180e-02	5.742822e-01
2.133875561537990e-06	1.599116e-02	5.856889e-01
2.153406811537990e-06	1.617814e-02	5.971005e-01
2.172938061537990e-06	1.636276e-02	6.085115e-01
2.192469311537990e-06	1.654507e-02	6.199170e-01
2.212000561537990e-06	1.672508e-02	6.313120e-01
2.231531811537990e-06	1.690282e-02	6.426920e-01
2.251063061537991e-06	1.707833e-02	6.540524e-01
2.270594311537991e-06	1.725164e-02	6.653891e-01
2.290125561537991e-06	1.742276e-02	6.766978e-01
2.309656811537991e-06	1.759174e-02	6.879748e-01
2.329188061537991e-06	1.775859e-02	6.992161e-01
2.348719311537991e-06	1.792335e-02	7.104184e-01
2.368250561537991e-06	1.808603e-02	7.215782e-01
2.387781811537991e-06	1.824668e-02	7.326924e-01
2.407313061537991e-06	1.840530e-02	7.437579e-01
2.426844311537991e-06	1.856194e-02	7.547718e-01
2.446375561537991e-06	1.871660e-02	7.657313e-01
2.465906811537991e-06	1.886933e-02	7.766339e-01
2.485438061537991e-06	1.902013e-02	7.874770e-01
2.504969311537991e-06	1.916905e-02	7.982585e-01
2.524500561537991e-06	1.931609e-02	8.089761e-01
2.544031811537991e-06	1.946129e-02	8.196278e-01
2.563563061537991e-06	1.960467e-02	8.302117e-01
2.583094311537991e-06	1.974625e-02	8.407260e-01
2.602625561537991e-06	1.988606e-02	8.511689e-01
2.622156811537991e-06	2.002411e-02	8.615389e-01
2.641688061537992e-06	2.016042e-02	8.718347e-01
2.661219311537992e-06	2.029503e-02	8.820548e-01
2.680750561537992e-06	2.042795e-02	8.921979e-01
2.700281811537992e-06	2.055920e-02	9.022630e-01
2.719813061537992e-06	2.068881e-02	9.122489e-01
2.739344311537992e-06	2.081680e-02	9.221547e-01
2.758875561537992e-06	2.094317e-02	9.319795e-01
2.778406811537992e-06	2.106797e-02	9.417225e-01
2.797938061537992e-06	2.119119e-02	9.513831e-01
2.817469311537992e-06	2.131288e-02	9.609604e-01
2.837000561537992e-06	2.143304e-02	9.704540e-01
2.856531811537992e-06	2.155169e-02	9.798635e-01
2.876063061537992e-06	2.166886e-02	9.891883e-01
2.895594311537992e-06	2.178456e-02	9.984280e-01
2.915125561537992e-06	2.189881e-02	1.007582e+00
2.934656811537992e-06	2.201162e-02	1.016651e+00
2.954188061537992e-06	2.212303e-02	1.025634e+00
2.973719311537992e-06	2.223304e-02	1.034532e+00
2.993250561537992e-06	2.234167e-02	1.043343e+00
3.012781811537993e-06	2.244894e-02	1.052068e+00
3.032313061537993e-06	2.255486e-02	1.060707e+00
3.051844311537993e-06	2.265946e-02	1.069260e+00
3.071375561537993e-06	2.276275e-02	1.077728e+00
3.090906811537993e-06	2.286474e-02	1.086109e+00
3.110438061537993e-06	2.296546e-02	1.094405e+00
3.129969311537993e-06	2.306492e-02	1.102616e+00
3.149500561537993e-06	2.316313e-02	1.110741e+00
3.169031811537993e-06	2.326011e-02	1.118782e+00
3.188563061537993e-06	2.335588e-02	1.126738e+00
3.208094311537993e-06	2.345044e-02	1.134609e+00
3.227625561537993e-06	2.354383e-02	1.142397e+00
3.247156811537993e-06	2.363604e-02	1.150102e+00
3.266688061537993e-06	2.372710e-02	1.157723e+00
3.286219311537993e-06	2.381702e-02	1.165262e+00
3.305750561537993e-06	2.390581e-02	1.172718e+00
3.325281811537993e-06	2.399350e-02	1.180093e+00
3.344813061537993e-06	2.408008e-02	1.187386e+00
3.364344311537993e-06	2.416558e-02	1.194599e+00
3.383875561537993e-06	2.425001e-02	1.201731e+00
3.403406811537994e-06	2.433339e-02	1.208784e+00
3.422938061537994e-06	2.441572e-02	1.215758e+00
3.442469311537994e-06	2.449702e-02	1.222653e+00
3.462000561537994e-06	2.457730e-02	1.229470e+00
3.481531811537994e-06	2.465658e-02	1.236210e+00
3.501063061537994e-06	2.473486e-02	1.242872e+00
3.520594311537994e-06	2.481217e-02	1.249459e+00
3.540125561537994e-06	2.488850e-02	1.255970e+00
3.559656811537994e-06	2.496389e-02	1.262406e+00
3.579188061537994e-06	2.503832e-02	1.268768e+00
3.598719311537994e-06	2.511183e-02	1.275056e+00
3.618250561537994e-06	2.518442e-02	1.281271e+00
3.637781811537994e-06	2.525610e-02	1.287413e+00
3.657313061537994e-06	2.532688e-02	1.293484e+00
3.676844311537994e-06	2.539678e-02	1.299483e+00
3.696375561537994e-06	2.546580e-02	1.305412e+00
3.715906811537994e-06	2.553396e-02	1.311271e+00
3.735438061537994e-06	2.560127e-02	1.317062e+00
3.754969311537994e-06	2.566773e-02	1.322783e+00
3.774500561537995e-06	2.573336e-02	1.328437e+00
3.794031811537995e-06	2.579817e-02	1.334023e+00
3.813563061537995e-06	2.586217e-02	1.339543e+00
3.833094311537995e-06	2.592537e-02	1.344998e+00
3.852625561537995e-06	2.598778e-02	1.350387e+00
3.872156811537995e-06	2.604941e-02	1.355711e+00
3.891688061537995e-06	2.611026e-02	1.360972e+00
3.911219311537995e-06	2.617036e-02	1.366170e+00
3.930750561537995e-06	2.622970e-02	1.371305e+00
3.950281811537995e-06	2.628830e-02	1.376378e+00
3.969813061537995e-06	2.634617e-02	1.381390e+00
3.989344311537995e-06	2.640331e-02	1.386341e+00
4.008875561537995e-06	2.645974e-02	1.391233e+00
4.028406811537995e-06	2.651547e-02	1.396065e+00
4.047938061537995e-06	2.657049e-02	1.400838e+00
4.067469311537995e-06	2.662483e-02	1.405554e+00
4.087000561537995e-06	2.667849e-02	1.410212e+00
4.106531811537995e-06	2.673147e-02	1.414814e+00
4.126063061537995e-06	2.678380e-02	1.419359e+00
4.145594311537995e-06	2.683547e-02	1.423849e+00
4.165125561537996e-06	2.688649e-02	1.428284e+00
4.184656811537996e-06	2.693688e-02	1.432665e+00
4.204188061537996e-06	2.698663e-02	1.436993e+00
4.223719311537996e-06	2.703576e-02	1.441267e+00
4.243250561537996e-06	2.708428e-02	1.445489e+00
4.262781811537996e-06	2.713219e-02	1.449659e+00
4.282313061537996e-06	2.717950e-02	1.453778e+00
4.301844311537996e-06	2.722622e-02	1.457847e+00
4.321375561537996e-06	2.727236e-02	1.461865e+00
4.340906811537996e-06	2.731792e-02	1.465834e+00
4.360438061537996e-06	2.736290e-02	1.469754e+00
4.379969311537996e-06	2.740733e-02	1.473626e+00
4.399500561537996e-06	2.745120e-02	1.477450e+00
4.419031811537996e-06	2.749452e-02	1.481226e+00
4.438563061537996e-06	2.753730e-02	1.484957e+00
4.458094311537996e-06	2.757954e-02	1.488641e+00
4.477625561537996e-06	2.762126e-02	1.492279e+00
4.497156811537996e-06	2.766245e-02	1.495873e+00
4.516688061537996e-06	2.770313e-02	1.499422e+00
4.536219311537997e-06	2.774330e-02	1.502927e+00
4.555750561537997e-06	2.778297e-02	1.506389e+00
4.575281811537997e-06	2.782214e-02	1.509808e+00
4.594813061537997e-06	2.786082e-02	1.513185e+00
4.614344311537997e-06	2.789902e-02	1.516520e+00
4.633875561537997e-06	2.793674e-02	1.519813e+00
4.653406811537997e-06	2.797399e-02	1.523065e+00
4.672938061537997e-06	2.801077e-02	1.526278e+00
4.692469311537997e-06	2.804710e-02	1.529450e+00
4.712000561537997e-06	2.808296e-02	1.532583e+00
4.731531811537997e-06	2.811838e-02	1.535677e+00
4.751063061537997e-06	2.815336e-02	1.538732e+00
4.770594311537997e-06	2.818790e-02	1.541750e+00
4.790125561537997e-06	2.822201e-02	1.544730e+00
4.809656811537997e-06	2.825569e-02	1.547673e+00
4.829188061537997e-06	2.828895e-02	1.550579e+00
4.848719311537997e-06	2.832179e-02	1.553450e+00
4.868250561537997e-06	2.835422e-02	1.556284e+00
4.887781811537997e-06	2.838625e-02	1.559083e+00
4.907313061537997e-06	2.841788e-02	1.561848e+00
4.926844311537998e-06	2.844911e-02	1.564577e+00
4.946375561537998e-06	2.847995e-02	1.567273e+00
4.965906811537998e-06	2.851040e-02	1.569936e+00
4.985438061537998e-06	2.854048e-02	1.572565e+00
5.004969311537998e-06	2.857017e-02	1.575161e+00
5.024500561537998e-06	2.859950e-02	1.577725e+00
5.044031811537998e-06	2.862846e-02	1.580257e+00
5.063563061537998e-06	2.865706e-02	1.582758e+00
5.083094311537998e-06	2.868530e-02	1.585227e+00
5.102625561537998e-06	2.871318e-02	1.587666e+00
5.122156811537998e-06	2.874072e-02	1.590074e+00
5.141688061537998e-06	2.876791e-02	1.592452e+00
5.161219311537998e-06	2.879477e-02	1.594800e+00
5.180750561537998e-06	2.882128e-02	1.597119e+00
5.200281811537998e-06	2.884747e-02	1.599409e+00
5.219813061537998e-06	2.887333e-02	1.601671e+00
5.239344311537998e-06	2.889886e-02	1.603904e+00
5.258875561537998e-06	2.892408e-02	1.606110e+00
5.278406811537998e-06	2.894898e-02	1.608288e+00
5.297938061537999e-06	2.897357e-02	1.610438e+00
5.317469311537999e-06	2.899785e-02	1.612562e+00
5.337000561537999e-06	2.902183e-02	1.614660e+00
5.356531811537999e-06	2.904551e-02	1.616731e+00
5.376063061537999e-06	2.906889e-02	1.618776e+00
5.395594311537999e-06	2.909198e-02	1.620796e+00
5.415125561537999e-06	2.911478e-02	1.622790e+00
5.434656811537999e-06	2.913729e-02	1.624760e+00
5.454188061537999e-06	2.915953e-02	1.626705e+00
5.473719311537999e-06	2.918148e-02	1.628626e+00
5.493250561537999e-06	2.920316e-02	1.630522e+00
5.512781811537999e-06	2.922457e-02	1.632395e+00
5.532313061537999e-06	2.924572e-02	1.634245e+00
5.551844311537999e-06	2.926659e-02	1.636071e+00
5.571375561537999e-06	2.928721e-02	1.637875e+00
5.590906811537999e-06	2.930757e-02	1.639656e+00
5.610438061537999e-06	2.932768e-02	1.641415e+00
5.629969311537999e-06	2.934753e-02	1.643152e+00
5.649500561537999e-06	2.936713e-02	1.644867e+00
5.669031811537999e-06	2.938649e-02	1.646561e+00
5.688563061538000e-06	2.940561e-02	1.648233e+00
5.708094311538000e-06	2.942449e-02	1.649885e+00
5.727625561538000e-06	2.944313e-02	1.651516e+00
5.747156811538000e-06	2.946154e-02	1.653127e+00
5.766688061538000e-06	2.947972e-02	1.654717e+00
5.786219311538000e-06	2.949767e-02	1.656288e+00
5.805750561538000e-06	2.951540e-02	1.657839e+00
5.825281811538000e-06	2.953290e-02	1.659370e+00
5.844813061538000e-06	2.955019e-02	1.660883e+00
5.864344311538000e-06	2.956726e-02	1.662376e+00
5.883875561538000e-06	2.958412e-02	1.663851e+00
5.903406811538000e-06	2.960076e-02	1.665308e+00
5.922938061538000e-06	2.961720e-02	1.666746e+00
5.942469311538000e-06	2.963343e-02	1.668166e+00
5.962000561538000e-06	2.964946e-02	1.669569e+00
5.981531811538000e-06	2.966529e-02	1.670954e+00
6.001063061538000e-06	2.968092e-02	1.672321e+00
6.009999999999999e-06	2.968801e-02	1.672941e+00
6.019999999999999e-06	2.959524e-02	1.673629e+00
6.029657381341292e-06	2.940903e-02	1.674284e+00
6.035612946981584e-06	2.929480e-02	1.674680e+00
6.042442652077399e-06	2.916435e-02	1.675123e+00
6.056102062269031e-06	2.890523e-02	1.675964e+00
6.058543468519031e-06	2.885920e-02	1.676106e+00
6.063426281019030e-06	2.876730e-02	1.676386e+00
6.073191906019030e-06	2.858437e-02	1.676912e+00
6.092723156019030e-06	2.822208e-02	1.677820e+00
6.112254406019030e-06	2.786445e-02	1.678506e+00
6.131785656019030e-06	2.751144e-02	1.678937e+00
6.151316906019030e-06	2.716297e-02	1.679086e+00
6.170848156019030e-06	2.681899e-02	1.678931e+00
6.190379406019030e-06	2.647944e-02	1.678453e+00
6.209910656019030e-06	2.614424e-02	1.677639e+00
6.229441906019030e-06	2.581335e-02	1.676477e+00
6.248973156019031e-06	2.548671e-02	1.674958e+00
6.268504406019031e-06	2.516425e-02	1.673077e+00
6.288035656019031e-06	2.484592e-02	1.670830e+00
6.307566906019031e-06	2.453167e-02	1.668216e+00
6.327098156019031e-06	2.422144e-02	1.665236e+00
6.346629406019031e-06	2.391518e-02	1.661891e+00
6.366160656019031e-06	2.361283e-02	1.658185e+00
6.385691906019031e-06	2.331434e-02	1.654121e+00
6.405223156019031e-06	2.301966e-02	1.649707e+00
6.424754406019031e-06	2.272874e-02	1.644948e+00
6.444285656019031e-06	2.244152e-02	1.639853e+00
6.463816906019031e-06	2.215797e-02	1.634428e+00
6.483348156019031e-06	2.187803e-02	1.628683e+00
6.502879406019031e-06	2.160165e-02	1.622627e+00
6.522410656019031e-06	2.132878e-02	1.616269e+00
6.541941906019031e-06	2.105939e-02	1.609620e+00
6.561473156019031e-06	2.079342e-02	1.602689e+00
6.581004406019031e-06	2.053083e-02	1.595487e+00
6.600535656019031e-06	2.027157e-02	1.588024e+00
6.620066906019032e-06	2.001560e-02	1.580311e+00
6.639598156019032e-06	1.976288e-02	1.572359e+00
6.659129406019032e-06	1.951336e-02	1.564178e+00
6.678660656019032e-06	1.926701e-02	1.555779e+00
6.698191906019032e-06	1.902378e-02	1.547172e+00
6.717723156019032e-06	1.878363e-02	1.538368e+00
6.737254406019032e-06	1.854652e-02	1.529377e+00
6.756785656019032e-06	1.831241e-02	1.520209e+00
6.776316906019032e-06	1.808126e-02	1.510875e+00
6.795848156019032e-06	1.785304e-02	1.501385e+00
6.815379406019032e-06	1.762770e-02	1.491748e+00
6.834910656019032e-06	1.740521e-02	1.481973e+00
6.854441906019032e-06	1.718553e-02	1.472071e+00
6.873973156019032e-06	1.696863e-02	1.462050e+00
6.893504406019032e-06	1.675446e-02	1.451919e+00
6.913035656019032e-06	1.654300e-02	1.441686e+00
6.932566906019032e-06	1.633421e-02	1.431361e+00
6.952098156019032e-06	1.612806e-02	1.420951e+00
6.971629406019032e-06	1.592450e-02	1.410465e+00
6.991160656019032e-06	1.572351e-02	1.399910e+00
7.010691906019033e-06	1.552506e-02	1.389293e+00
7.030223156019033e-06	1.532910e-02	1.378622e+00
7.049754406019033e-06	1.513562e-02	1.367904e+00
7.069285656019033e-06	1.494458e-02	1.357145e+00
7.088816906019033e-06	1.475594e-02	1.346353e+00
7.108348156019033e-06	1.456968e-02	1.335533e+00
7.127879406019033e-06	1.438576e-02	1.324692e+00
7.147410656019033e-06	1.420416e-02	1.313835e+00
7.166941906019033e-06	1.402484e-02	1.302967e+00
7.186473156019033e-06	1.384778e-02	1.292095e+00
7.206004406019033e-06	1.367295e-02	1.281224e+00
7.225535656019033e-06	1.350032e-02	1.270358e+00
7.245066906019033e-06	1.332986e-02	1.259502e+00
7.264598156019033e-06	1.316154e-02	1.248661e+00
7.284129406019033e-06	1.299534e-02	1.237839e+00
7.303660656019033e-06	1.283123e-02	1.227041e+00
7.323191906019033e-06	1.266918e-02	1.216269e+00
7.342723156019033e-06	1.250917e-02	1.205529e+00
7.362254406019033e-06	1.235117e-02	1.194823e+00
7.381785656019034e-06	1.219515e-02	1.184155e+00
7.401316906019034e-06	1.204110e-02	1.173528e+00
7.420848156019034e-06	1.188898e-02	1.162946e+00
7.440379406019034e-06	1.173877e-02	1.152411e+00
7.459910656019034e-06	1.159044e-02	1.141926e+00
7.479441906019034e-06	1.144398e-02	1.131494e+00
7.498973156019034e-06	1.129936e-02	1.121117e+00
7.518504406019034e-06	1.115655e-02	1.110797e+00
7.538035656019034e-06	1.101554e-02	1.100537e+00
7.557566906019034e-06	1.087629e-02	1.090339e+00
7.577098156019034e-06	1.073879e-02	1.080204e+00
7.596629406019034e-06	1.060302e-02	1.070135e+00
7.616160656019034e-06	1.046895e-02	1.060133e+00
7.635691906019033e-06	1.033657e-02	1.050200e+00
7.655223156019033e-06	1.020584e-02	1.040337e+00
7.674754406019032e-06	1.007675e-02	1.030545e+00
7.694285656019031e-06	9.949288e-03	1.020827e+00
7.713816906019030e-06	9.823419e-03	1.011182e+00
7.733348156019029e-06	9.699129e-03	1.001613e+00
7.752879406019029e-06	9.576398e-03	9.921200e-01
7.772410656019028e-06	9.455205e-03	9.827038e-01
7.791941906019027e-06	9.335532e-03	9.733655e-01
7.811473156019026e-06	9.217358e-03	9.641057e-01
7.831004406019025e-06	9.100667e-03	9.549251e-01
7.850535656019025e-06	8.985437e-03	9.458243e-01
7.870066906019024e-06	8.871653e-03	9.368038e-01
7.889598156019023e-06	8.759294e-03	9.278641e-01
7.909129406019022e-06	8.648343e-03	9.190056e-01
7.928660656019021e-06	8.538783e-03	9.102286e-01
7.948191906019021e-06	8.430595e-03	9.015332e-01
7.967723156019020e-06	8.323763e-03	8.929198e-01
7.987254406019019e-06	8.218270e-03	8.843886e-01
8.006785656019018e-06	8.114098e-03	8.759396e-01
8.026316906019017e-06	8.011230e-03	8.675728e-01
8.045848156019017e-06	7.909653e-03	8.592884e-01
8.065379406019016e-06	7.809347e-03	8.510862e-01
8.084910656019015e-06	7.710297e-03	8.429663e-01
8.104441906019014e-06	7.612488e-03	8.349283e-01
8.123973156019013e-06	7.515904e-03	8.269724e-01
8.143504406019013e-06	7.420530e-03	8.190982e-01
8.163035656019012e-06	7.326350e-03	8.113055e-01
8.182566906019011e-06	7.233350e-03	8.035941e-01
8.202098156019010e-06	7.141514e-03	7.959638e-01
8.221629406019009e-06	7.050828e-03	7.884141e-01
8.241160656019009e-06	6.961278e-03	7.809448e-01
8.260691906019008e-06	6.872849e-03	7.735556e-01
8.280223156019007e-06	6.785527e-03	7.662459e-01
8.299754406019006e-06	6.699298e-03	7.590155e-01
8.319285656019005e-06	6.614149e-03	7.518639e-01
8.338816906019005e-06	6.530066e-03	7.447907e-01
8.358348156019004e-06	6.447035e-03	7.377954e-01
8.377879406019003e-06	6.365045e-03	7.308775e-01
8.397410656019002e-06	6.284080e-03	7.240365e-01
8.416941906019002e-06	6.204128e-03	7.172719e-01
8.436473156019001e-06	6.125178e-03	7.105832e-01
8.456004406019000e-06	6.047216e-03	7.039699e-01
8.475535656018999e-06	5.970229e-03	6.974314e-01
8.495066906018998e-06	5.894206e-03	6.909671e-01
8.514598156018998e-06	5.819135e-03	6.845765e-01
8.534129406018997e-06	5.745003e-03	6.782591e-01
8.553660656018996e-06	5.671799e-03	6.720141e-01
8.573191906018995e-06	5.599511e-03	6.658410e-01
8.592723156018994e-06	5.528128e-03	6.597394e-01
8.612254406018994e-06	5.457638e-03	6.537083e-01
8.631785656018993e-06	5.388031e-03	6.477475e-01
8.651316906018992e-06	5.319294e-03	6.418560e-01
8.670848156018991e-06	5.251417e-03	6.360335e-01
8.690379406018990e-06	5.184391e-03	6.302791e-01
8.709910656018990e-06	5.118202e-03	6.245924e-01
8.729441906018989e-06	5.052842e-03	6.189727e-01
8.748973156018988e-06	4.988299e-03	6.134193e-01
8.768504406018987e-06	4.924565e-03	6.079316e-01
8.788035656018986e-06	4.861627e-03	6.025090e-01
8.807566906018986e-06	4.799477e-03	5.971509e-01
8.827098156018985e-06	4.738105e-03	5.918565e-01
8.846629406018984e-06	4.677501e-03	5.866252e-01
8.866160656018983e-06	4.617655e-03	5.814565e-01
8.885691906018982e-06	4.558557e-03	5.763497e-01
8.905223156018982e-06	4.500200e-03	5.713042e-01
8.924754406018981e-06	4.442572e-03	5.663193e-01
8.944285656018980e-06	4.385665e-03	5.613943e-01
8.963816906018979e-06	4.329470e-03	5.565287e-01
8.983348156018978e-06	4.273978e-03	5.517219e-01
9.002879406018978e-06	4.219180e-03	5.469731e-01
9.022410656018977e-06	4.165068e-03	5.422819e-01
9.041941906018976e-06	4.111633e-03	5.376474e-01
9.061473156018975e-06	4.058866e-03	5.330693e-01
9.081004406018974e-06	4.006759e-03	5.285467e-01
9.100535656018974e-06	3.955305e-03	5.240791e-01
9.120066906018973e-06	3.904493e-03	5.196660e-01
9.139598156018972e-06	3.854318e-03	5.153067e-01
9.159129406018971e-06	3.804770e-03	5.110005e-01
9.178660656018970e-06	3.755842e-03	5.067470e-01
9.198191906018970e-06	3.707526e-03	5.025455e-01
9.217723156018969e-06	3.659814e-03	4.983954e-01
9.237254406018968e-06	3.612699e-03	4.942961e-01
9.256785656018967e-06	3.566174e-03	4.902471e-01
9.276316906018966e-06	3.520230e-03	4.862478e-01
9.295848156018966e-06	3.474861e-03	4.822976e-01
9.315379406018965e-06	3.430060e-03	4.783960e-01
9.334910656018964e-06	3.385819e-03	4.745423e-01
9.354441906018963e-06	3.342132e-03	4.707361e-01
9.373973156018963e-06	3.298990e-03	4.669768e-01
9.393504406018962e-06	3.256389e-03	4.632637e-01
9.413035656018961e-06	3.214320e-03	4.595965e-01
9.432566906018960e-06	3.172778e-03	4.559745e-01
9.452098156018959e-06	3.131755e-03	4.523973e-01
9.471629406018959e-06	3.091245e-03	4.488642e-01
9.491160656018958e-06	3.051242e-03	4.453748e-01
9.510691906018957e-06	3.011739e-03	4.419286e-01
9.530223156018956e-06	2.972731e-03	4.385250e-01
9.549754406018955e-06	2.934210e-03	4.351635e-01
9.569285656018955e-06	2.896171e-03	4.318436e-01
9.588816906018954e-06	2.858608e-03	4.285649e-01
9.608348156018953e-06	2.821514e-03	4.253268e-01
9.627879406018952e-06	2.784885e-03	4.221289e-01
9.647410656018951e-06	2.748714e-03	4.189706e-01
9.666941906018951e-06	2.712995e-03	4.158515e-01
9.686473156018950e-06	2.677722e-03	4.127712e-01
9.706004406018949e-06	2.642891e-03	4.097291e-01
9.725535656018948e-06	2.608496e-03	4.067248e-01
9.745066906018947e-06	2.574531e-03	4.037578e-01
9.764598156018947e-06	2.540990e-03	4.008276e-01
9.784129406018946e-06	2.507869e-03	3.979339e-01
9.803660656018945e-06	2.475163e-03	3.950762e-01
9.823191906018944e-06	2.442865e-03	3.922541e-01
9.842723156018943e-06	2.410971e-03	3.894670e-01
9.862254406018943e-06	2.379477e-03	3.867146e-01
9.881785656018942e-06	2.348376e-03	3.839965e-01
9.901316906018941e-06	2.317664e-03	3.813123e-01
9.920848156018940e-06	2.287336e-03	3.786615e-01
9.940379406018939e-06	2.257387e-03	3.760436e-01
9.959910656018939e-06	2.227813e-03	3.734584e-01
9.979441906018938e-06	2.198609e-03	3.709055e-01
9.998973156018937e-06	2.169770e-03	3.683843e-01
1.001850440601894e-05	2.141292e-03	3.658945e-01
1.003803565601894e-05	2.113170e-03	3.634358e-01
1.005756690601893e-05	2.085399e-03	3.610078e-01
1.007709815601893e-05	2.057976e-03	3.586100e-01
1.009662940601893e-05	2.030896e-03	3.562422e-01
1.011616065601893e-05	2.004154e-03	3.539038e-01
1.013569190601893e-05	1.977747e-03	3.515947e-01
1.015522315601893e-05	1.951671e-03	3.493143e-01
1.017475440601893e-05	1.925920e-03	3.470624e-01
1.019428565601893e-05	1.900491e-03	3.448386e-01
1.021381690601893e-05	1.875381e-03	3.426426e-01
1.023334815601893e-05	1.850584e-03	3.404740e-01
1.025287940601893e-05	1.826097e-03	3.383325e-01
1.027241065601893e-05	1.801917e-03	3.362177e-01
1.029194190601893e-05	1.778039e-03	3.341293e-01
1.031147315601892e-05	1.754460e-03	3.320669e-01
1.033100440601892e-05	1.731176e-03	3.300304e-01
1.035053565601892e-05	1.708183e-03	3.280192e-01
1.037006690601892e-05	1.685477e-03	3.260332e-01
1.038959815601892e-05	1.663055e-03	3.240720e-01
1.040912940601892e-05	1.640914e-03	3.221353e-01
1.042866065601892e-05	1.619050e-03	3.202228e-01
1.044819190601892e-05	1.597459e-03	3.183342e-01
1.046772315601892e-05	1.576138e-03	3.164692e-01
1.048725440601892e-05	1.555083e-03	3.146274e-01
1.050678565601892e-05	1.534292e-03	3.128088e-01
1.052631690601892e-05	1.513761e-03	3.110128e-01
1.054584815601891e-05	1.493487e-03	3.092392e-01
1.056537940601891e-05	1.473466e-03	3.074878e-01
1.058491065601891e-05	1.453696e-03	3.057584e-01
1.060444190601891e-05	1.434173e-03	3.040505e-01
1.062397315601891e-05	1.414894e-03	3.023640e-01
1.064350440601891e-05	1.395856e-03	3.006985e-01
1.066303565601891e-05	1.377056e-03	2.990539e-01
1.068256690601891e-05	1.358492e-03	2.974299e-01
1.070209815601891e-05	1.340159e-03	2.958261e-01
1.072162940601891e-05	1.322056e-03	2.942424e-01
1.074116065601891e-05	1.304179e-03	2.926784e-01
1.076069190601891e-05	1.286526e-03	2.911341e-01
1.078022315601891e-05	1.269093e-03	2.896090e-01
1.079975440601890e-05	1.251879e-03	2.881030e-01
1.081928565601890e-05	1.234880e-03	2.866158e-01
1.083881690601890e-05	1.218093e-03	2.851473e-01
1.085834815601890e-05	1.201516e-03	2.836971e-01
1.087787940601890e-05	1.185147e-03	2.822650e-01
1.089741065601890e-05	1.168982e-03	2.808508e-01
1.091694190601890e-05	1.153019e-03	2.794543e-01
1.093647315601890e-05	1.137257e-03	2.780753e-01
1.095600440601890e-05	1.121691e-03	2.767135e-01
1.097553565601890e-05	1.106319e-03	2.753687e-01
1.099506690601890e-05	1.091141e-03	2.740408e-01
1.100000000000000e-05	1.087337e-03	2.737080e-01
1.101000000000000e-05	1.079663e-03	2.730365e-01
1.102953125000000e-05	1.064818e-03	2.717380e-01
1.104906250000000e-05	1.050158e-03	2.704562e-01
1.106859375000000e-05	1.035681e-03	2.691902e-01
1.108812500000000e-05	1.021386e-03	2.679400e-01
1.110765625000000e-05	1.007269e-03	2.667054e-01
1.112718749999999e-05	9.933285e-04	2.654862e-01
1.114671874999999e-05	9.795625e-04	2.642822e-01
1.116624999999999e-05	9.659687e-04	2.630932e-01
1.118578124999999e-05	9.525449e-04	2.619190e-01
1.120531249999999e-05	9.392890e-04	2.607595e-01
1.122484374999999e-05	9.261988e-04	2.596144e-01
1.124437499999999e-05	9.132723e-04	2.584836e-01
1.126390624999999e-05	9.005075e-04	2.573670e-01
1.128343749999999e-05	8.879023e-04	2.562643e-01
1.130296874999999e-05	8.754547e-04	2.551754e-01
1.132249999999999e-05	8.631629e-04	2.541000e-01
1.134203124999999e-05	8.510247e-04	2.530381e-01
1.136156249999999e-05	8.390383e-04	2.519895e-01
1.138109374999998e-05	8.272018e-04	2.509539e-01
1.140062499999998e-05	8.155133e-04	2.499313e-01
1.142015624999998e-05	8.039710e-04	2.489215e-01
1.143968749999998e-05	7.925730e-04	2.479243e-01
1.145921874999998e-05	7.813176e-04	2.469395e-01
1.147874999999998e-05	7.702030e-04	2.459671e-01
1.149828124999998e-05	7.592273e-04	2.450068e-01
1.151781249999998e-05	7.483888e-04	2.440585e-01
1.153734374999998e-05	7.376859e-04	2.431221e-01
1.155687499999998e-05	7.271169e-04	2.421974e-01
1.157640624999998e-05	7.166800e-04	2.412842e-01
1.159593749999998e-05	7.063736e-04	2.403825e-01
1.161546874999997e-05	6.961961e-04	2.394920e-01
1.163499999999997e-05	6.861459e-04	2.386127e-01
1.165453124999997e-05	6.762214e-04	2.377443e-01
1.167406249999997e-05	6.664210e-04	2.368868e-01
1.169359374999997e-05	6.567431e-04	2.360401e-01
1.171312499999997e-05	6.471862e-04	2.352039e-01
1.173265624999997e-05	6.377489e-04	2.343781e-01
1.175218749999997e-05	6.284296e-04	2.335627e-01
1.177171874999997e-05	6.192268e-04	2.327575e-01
1.179124999999997e-05	6.101392e-04	2.319624e-01
1.181078124999997e-05	6.011651e-04	2.311772e-01
1.183031249999997e-05	5.923033e-04	2.304018e-01
1.184984374999997e-05	5.835523e-04	2.296361e-01
1.186937499999996e-05	5.749107e-04	2.288800e-01
1.188890624999996e-05	5.663772e-04	2.281334e-01
1.190843749999996e-05	5.579505e-04	2.273961e-01
1.192796874999996e-05	5.496290e-04	2.266680e-01
1.194749999999996e-05	5.414117e-04	2.259490e-01
1.196703124999996e-05	5.332971e-04	2.252390e-01
1.198656249999996e-05	5.252840e-04	2.245379e-01
1.200609374999996e-05	5.173711e-04	2.238455e-01
1.202562499999996e-05	5.095571e-04	2.231619e-01
1.204515624999996e-05	5.018409e-04	2.224867e-01
1.206468749999996e-05	4.942212e-04	2.218200e-01
1.208421874999996e-05	4.866967e-04	2.211617e-01
1.210374999999996e-05	4.792663e-04	2.205115e-01
1.212328124999995e-05	4.719289e-04	2.198695e-01
1.214281249999995e-05	4.646832e-04	2.192356e-01
1.216234374999995e-05	4.575281e-04	2.186095e-01
1.218187499999995e-05	4.504625e-04	2.179913e-01
1.220140624999995e-05	4.434853e-04	2.173809e-01
1.222093749999995e-05	4.365953e-04	2.167780e-01
1.224046874999995e-05	4.297915e-04	2.161827e-01
1.225999999999995e-05	4.230727e-04	2.155949e-01
1.227953124999995e-05	4.164380e-04	2.150143e-01
1.229906249999995e-05	4.098862e-04	2.144411e-01
1.231859374999995e-05	4.034164e-04	2.138750e-01
1.233812499999995e-05	3.970275e-04	2.133160e-01
1.235765624999994e-05	3.907185e-04	2.127640e-01
1.237718749999994e-05	3.844883e-04	2.122189e-01
1.239671874999994e-05	3.783361e-04	2.116806e-01
1.241624999999994e-05	3.722608e-04	2.111491e-01
1.243578124999994e-05	3.662615e-04	2.106242e-01
1.245531249999994e-05	3.603372e-04	2.101058e-01
1.247484374999994e-05	3.544870e-04	2.095940e-01
1.249437499999994e-05	3.487100e-04	2.090885e-01
1.251390624999994e-05	3.430051e-04	2.085894e-01
1.253343749999994e-05	3.373717e-04	2.080965e-01
1.255296874999994e-05	3.318087e-04	2.076097e-01
1.257249999999994e-05	3.263152e-04	2.071291e-01
1.259203124999994e-05	3.208905e-04	2.066544e-01
1.261156249999993e-05	3.155335e-04	2.061857e-01
1.263109374999993e-05	3.102436e-04	2.057229e-01
1.265062499999993e-05	3.050198e-04	2.052659e-01
1.267015624999993e-05	2.998614e-04	2.048145e-01
1.268968749999993e-05	2.947675e-04	2.043688e-01
1.270921874999993e-05	2.897372e-04	2.039287e-01
1.272874999999993e-05	2.847699e-04	2.034941e-01
1.274828124999993e-05	2.798646e-04	2.030649e-01
1.276781249999993e-05	2.750208e-04	2.026411e-01
1.278734374999993e-05	2.702375e-04	2.022226e-01
1.280687499999993e-05	2.655140e-04	2.018093e-01
1.282640624999993e-05	2.608496e-04	2.014012e-01
1.284593749999992e-05	2.562435e-04	2.009982e-01
1.286546874999992e-05	2.516950e-04	2.006002e-01
1.288499999999992e-05	2.472034e-04	2.002072e-01
1.290453124999992e-05	2.427679e-04	1.998192e-01
1.292406249999992e-05	2.383879e-04	1.994359e-01
1.294359374999992e-05	2.340628e-04	1.990575e-01
1.296312499999992e-05	2.297916e-04	1.986838e-01
1.298265624999992e-05	2.255739e-04	1.983148e-01
1.300218749999992e-05	2.214090e-04	1.979504e-01
1.302171874999992e-05	2.172961e-04	1.975905e-01
1.304124999999992e-05	2.132346e-04	1.972352e-01
1.306078124999992e-05	2.092240e-04	1.968842e-01
1.308031249999992e-05	2.052635e-04	1.965377e-01
1.309984374999991e-05	2.013525e-04	1.961955e-01
1.311937499999991e-05	1.974904e-04	1.958576e-01
1.313890624999991e-05	1.936767e-04	1.955239e-01
1.315843749999991e-05	1.899106e-04	1.951944e-01
1.317796874999991e-05	1.861916e-04	1.948690e-01
1.319749999999991e-05	1.825191e-04	1.945477e-01
1.321703124999991e-05	1.788926e-04	1.942304e-01
1.323656249999991e-05	1.753114e-04	1.939170e-01
1.325609374999991e-05	1.717750e-04	1.936076e-01
1.327562499999991e-05	1.682828e-04	1.933021e-01
1.329515624999991e-05	1.648342e-04	1.930003e-01
1.331468749999991e-05	1.614288e-04	1.927024e-01
1.333421874999990e-05	1.580660e-04	1.924081e-01
1.335374999999990e-05	1.547453e-04	1.921176e-01
1.337328124999990e-05	1.514660e-04	1.918306e-01
1.339281249999990e-05	1.482278e-04	1.915473e-01
1.341234374999990e-05	1.450301e-04	1.912675e-01
1.343187499999990e-05	1.418723e-04	1.909912e-01
1.345140624999990e-05	1.387541e-04	1.907184e-01
1.347093749999990e-05	1.356748e-04	1.904489e-01
1.349046874999990e-05	1.326341e-04	1.901829e-01
1.350999999999990e-05	1.296313e-04	1.899201e-01
1.352953124999990e-05	1.266662e-04	1.896607e-01
1.354906249999990e-05	1.237381e-04	1.894045e-01
1.356859374999990e-05	1.208466e-04	1.891515e-01
1.358812499999989e-05	1.179913e-04	1.889016e-01
1.360765624999989e-05	1.151716e-04	1.886549e-01
1.362718749999989e-05	1.123873e-04	1.884113e-01
1.364671874999989e-05	1.096378e-04	1.881707e-01
1.366624999999989e-05	1.069226e-04	1.879331e-01
1.368578124999989e-05	1.042414e-04	1.876985e-01
1.370531249999989e-05	1.015937e-04	1.874669e-01
1.372484374999989e-05	9.897916e-05	1.872381e-01
1.374437499999989e-05	9.639729e-05	1.870122e-01
1.376390624999989e-05	9.384772e-05	1.867891e-01
1.378343749999989e-05	9.133002e-05	1.865688e-01
1.380296874999989e-05	8.884381e-05	1.863512e-01
1.382249999999989e-05	8.638868e-05	1.861364e-01
1.384203124999988e-05	8.396426e-05	1.859242e-01
1.386156249999988e-05	8.157016e-05	1.857148e-01
1.388109374999988e-05	7.920599e-05	1.855079e-01
1.390062499999988e-05	7.687140e-05	1.853036e-01
1.392015624999988e-05	7.456599e-05	1.851019e-01
1.393968749999988e-05	7.228942e-05	1.849027e-01
1.395921874999988e-05	7.004131e-05	1.847059e-01
1.397874999999988e-05	6.782132e-05	1.845117e-01
1.399828124999988e-05	6.562909e-05	1.843198e-01
1.401781249999988e-05	6.346427e-05	1.841304e-01
1.403734374999988e-05	6.132653e-05	1.839433e-01
1.405687499999988e-05	5.921552e-05	1.837586e-01
1.407640624999987e-05	5.713090e-05	1.835762e-01
1.409593749999987e-05	5.507236e-05	1.833961e-01
1.411546874999987e-05	5.303955e-05	1.832182e-01
1.413499999999987e-05	5.103217e-05	1.830425e-01
1.415453124999987e-05	4.904989e-05	1.828690e-01
1.417406249999987e-05	4.709240e-05	1.826978e-01
1.419359374999987e-05	4.515939e-05	1.825286e-01
1.421312499999987e-05	4.325055e-05	1.823616e-01
1.423265624999987e-05	4.136558e-05	1.821966e-01
1.425218749999987e-05	3.950418e-05	1.820337e-01
1.427171874999987e-05	3.766606e-05	1.818729e-01
1.429124999999987e-05	3.585093e-05	1.817140e-01
1.431078124999987e-05	3.405850e-05	1.815572e-01
1.433031249999986e-05	3.228847e-05	1.814023e-01
1.434984374999986e-05	3.054059e-05	1.812493e-01
1.436937499999986e-05	2.881456e-05	1.810983e-01
1.438890624999986e-05	2.711012e-05	1.809491e-01
1.440843749999986e-05	2.542699e-05	1.808018e-01
1.442796874999986e-05	2.376491e-05	1.806564e-01
1.444749999999986e-05	2.212361e-05	1.805127e-01
1.446703124999986e-05	2.050284e-05	1.803709e-01
1.448656249999986e-05	1.890233e-05	1.802308e-01
1.450609374999986e-05	1.732185e-05	1.800925e-01
1.452562499999986e-05	1.576112e-05	1.799559e-01
1.454515624999986e-05	1.421991e-05	1.798210e-01
1.456468749999985e-05	1.269798e-05	1.796878e-01
1.458421874999985e-05	1.119507e-05	1.795563e-01
1.460374999999985e-05	9.710966e-06	1.794264e-01
1.462328124999985e-05	8.245417e-06	1.792982e-01
1.464281249999985e-05	6.798195e-06	1.791715e-01
1.466234374999985e-05	5.369071e-06	1.790464e-01
1.468187499999985e-05	3.957818e-06	1.789229e-01
1.470140624999985e-05	2.564212e-06	1.788010e-01
1.472093749999985e-05	1.188035e-06	1.786805e-01
1.474046874999985e-05	-1.709337e-07	1.785616e-01
1.475999999999985e-05	-1.512908e-06	1.784441e-01
1.477953124999985e-05	-2.838100e-06	1.783281e-01
1.479906249999985e-05	-4.146721e-06	1.782136e-01
1.481859374999984e-05	-5.438977e-06	1.781005e-01
1.483812499999984e-05	-6.715074e-06	1.779888e-01
1.485765624999984e-05	-7.975213e-06	1.778785e-01
1.487718749999984e-05	-9.219592e-06	1.777696e-01
1.489671874999984e-05	-1.044841e-05	1.776621e-01
1.491624999999984e-05	-1.166186e-05	1.775558e-01
1.493578124999984e-05	-1.286014e-05	1.774510e-01
1.495531249999984e-05	-1.404343e-05	1.773474e-01
1.497484374999984e-05	-1.521193e-05	1.772451e-01
1.499437499999984e-05	-1.636581e-05	1.771441e-01
1.501390624999984e-05	-1.750527e-05	1.770444e-01
1.503343749999984e-05	-1.863047e-05	1.769459e-01
1.505296874999983e-05	-1.974161e-05	1.768486e-01
1.507249999999983e-05	-2.083884e-05	1.767526e-01
1.509203124999983e-05	-2.192236e-05	1.766578e-01
1.511156249999983e-05	-2.299233e-05	1.765641e-01
1.513109374999983e-05	-2.404892e-05	1.764716e-01
1.515062499999983e-05	-2.509229e-05	1.763803e-01
1.517015624999983e-05	-2.612262e-05	1.762901e-01
1.518968749999983e-05	-2.714006e-05	1.762010e-01
1.520921874999983e-05	-2.814478e-05	1.761131e-01
1.522874999999983e-05	-2.913694e-05	1.760263e-01
1.524828124999983e-05	-3.011669e-05	1.759405e-01
1.526781249999983e-05	-3.108419e-05	1.758558e-01
1.528734374999983e-05	-3.203958e-05	1.757722e-01
1.530687499999983e-05	-3.298303e-05	1.756896e-01
1.532640624999983e-05	-3.391468e-05	1.756080e-01
1.534593749999982e-05	-3.483469e-05	1.755275e-01
1.536546874999982e-05	-3.574318e-05	1.754480e-01
1.538499999999982e-05	-3.664032e-05	1.753694e-01
1.540453124999982e-05	-3.752624e-05	1.752919e-01
1.542406249999982e-05	-3.840107e-05	1.752153e-01
1.544359374999982e-05	-3.926497e-05	1.751397e-01
1.546312499999982e-05	-4.011807e-05	1.750650e-01
1.548265624999982e-05	-4.096049e-05	1.749912e-01
1.550218749999982e-05	-4.179239e-05	1.749184e-01
1.552171874999982e-05	-4.261388e-05	1.748465e-01
1.554124999999982e-05	-4.342509e-05	1.747755e-01
1.556078124999982e-05	-4.422617e-05	1.747053e-01
1.558031249999982e-05	-4.501722e-05	1.746361e-01
1.559984374999981e-05	-4.579838e-05	1.745677e-01
1.561937499999981e-05	-4.656977e-05	1.745001e-01
1.563890624999981e-05	-4.733152e-05	1.744334e-01
1.565843749999981e-05	-4.808374e-05	1.743676e-01
1.567796874999981e-05	-4.882656e-05	1.743025e-01
1.569749999999981e-05	-4.956008e-05	1.742383e-01
1.571703124999981e-05	-5.028443e-05	1.741749e-01
1.573656249999981e-05	-5.099973e-05	1.741123e-01
1.575609374999981e-05	-5.170608e-05	1.740504e-01
1.577562499999981e-05	-5.240359e-05	1.739894e-01
1.579515624999981e-05	-5.309239e-05	1.739291e-01
1.581468749999981e-05	-5.377257e-05	1.738695e-01
1.583421874999980e-05	-5.444424e-05	1.738107e-01
1.585374999999980e-05	-5.510752e-05	1.737526e-01
1.587328124999980e-05	-5.576250e-05	1.736953e-01
1.589281249999980e-05	-5.640929e-05	1.736386e-01
1.591234374999980e-05	-5.704799e-05	1.735827e-01
1.593187499999980e-05	-5.767871e-05	1.735275e-01
1.595140624999980e-05	-5.830154e-05	1.734729e-01
1.597093749999980e-05	-5.891658e-05	1.734191e-01
1.599046874999980e-05	-5.952392e-05	1.733659e-01
1.600999999999980e-05	-6.012368e-05	1.733134e-01
1.602953124999980e-05	-6.071593e-05	1.732615e-01
1.604906249999980e-05	-6.130077e-05	1.732103e-01
1.606859374999980e-05	-6.187831e-05	1.731597e-01
1.608812499999979e-05	-6.244862e-05	1.731098e-01
1.610765624999979e-05	-6.301179e-05	1.730604e-01
1.612718749999979e-05	-6.356793e-05	1.730117e-01
1.614671874999979e-05	-6.411711e-05	1.729636e-01
1.616624999999979e-05	-6.465943e-05	1.729161e-01
1.618578124999979e-05	-6.519496e-05	1.728693e-01
1.620531249999979e-05	-6.572380e-05	1.728229e-01
1.622484374999979e-05	-6.624602e-05	1.727772e-01
1.624437499999979e-05	-6.676171e-05	1.727320e-01
1.626390624999979e-05	-6.727095e-05	1.726874e-01
1.628343749999979e-05	-6.777383e-05	1.726434e-01
1.630296874999979e-05	-6.827041e-05	1.725999e-01
1.632249999999978e-05	-6.876079e-05	1.725569e-01
1.634203124999978e-05	-6.924503e-05	1.725145e-01
1.636156249999978e-05	-6.972322e-05	1.724726e-01
1.638109374999978e-05	-7.019543e-05	1.724313e-01
1.640062499999978e-05	-7.066174e-05	1.723904e-01
1.642015624999978e-05	-7.112221e-05	1.723501e-01
1.643968749999978e-05	-7.157692e-05	1.723103e-01
1.645921874999978e-05	-7.202595e-05	1.722709e-01
1.647874999999978e-05	-7.246936e-05	1.722321e-01
1.649828124999978e-05	-7.290723e-05	1.721937e-01
1.651781249999978e-05	-7.333962e-05	1.721558e-01
1.653734374999978e-05	-7.376661e-05	1.721184e-01
1.655687499999978e-05	-7.418825e-05	1.720815e-01
1.657640624999977e-05	-7.460462e-05	1.720450e-01
1.659593749999977e-05	-7.501579e-05	1.720090e-01
1.661546874999977e-05	-7.542181e-05	1.719734e-01
1.663499999999977e-05	-7.582275e-05	1.719383e-01
1.665453124999977e-05	-7.621869e-05	1.719036e-01
1.667406249999977e-05	-7.660967e-05	1.718694e-01
1.669359374999977e-05	-7.699576e-05	1.718355e-01
1.671312499999977e-05	-7.737703e-05	1.718021e-01
1.673265624999977e-05	-7.775352e-05	1.717691e-01
1.675218749999977e-05	-7.812531e-05	1.717366e-01
1.677171874999977e-05	-7.849245e-05	1.717044e-01
1.679124999999977e-05	-7.885500e-05	1.716726e-01
1.681078124999976e-05	-7.921301e-05	1.716413e-01
1.683031249999976e-05	-7.956655e-05	1.716103e-01
1.684984374999976e-05	-7.991566e-05	1.715797e-01
1.686937499999976e-05	-8.026041e-05	1.715495e-01
1.688890624999976e-05	-8.060085e-05	1.715197e-01
1.690843749999976e-05	-8.093703e-05	1.714902e-01
1.692796874999976e-05	-8.126901e-05	1.714611e-01
1.694749999999976e-05	-8.159684e-05	1.714324e-01
1.696703124999976e-05	-8.192056e-05	1.714040e-01
1.698656249999976e-05	-8.224024e-05	1.713760e-01
1.700609374999976e-05	-8.255592e-05	1.713483e-01
1.702562499999976e-05	-8.286766e-05	1.713210e-01
1.704515624999976e-05	-8.317549e-05	1.712940e-01
1.706468749999975e-05	-8.347947e-05	1.712674e-01
1.708421874999975e-05	-8.377965e-05	1.712410e-01
1.710374999999975e-05	-8.407608e-05	1.712151e-01
1.712328124999975e-05	-8.436881e-05	1.711894e-01
1.714281249999975e-05	-8.465787e-05	1.711641e-01
1.716234374999975e-05	-8.494332e-05	1.711390e-01
1.718187499999975e-05	-8.522520e-05	1.711143e-01
1.720140624999975e-05	-8.550355e-05	1.710899e-01
1.722093749999975e-05	-8.577842e-05	1.710658e-01
1.724046874999975e-05	-8.604985e-05	1.710420e-01
1.725999999999975e-05	-8.631789e-05	1.710185e-01
1.727953124999975e-05	-8.658259e-05	1.709953e-01
1.729906249999975e-05	-8.684396e-05	1.709724e-01
1.731859374999974e-05	-8.710207e-05	1.709498e-01
1.733812499999974e-05	-8.735696e-05	1.709275e-01
1.735765624999974e-05	-8.760866e-05	1.709054e-01
1.737718749999974e-05	-8.785720e-05	1.708836e-01
1.739671874999974e-05	-8.810264e-05	1.708621e-01
1.741624999999974e-05	-8.834501e-05	1.708408e-01
1.743578124999974e-05	-8.858435e-05	1.708198e-01
1.745531249999974e-05	-8.882070e-05	1.707991e-01
1.747484374999974e-05	-8.905409e-05	1.707786e-01
1.749437499999974e-05	-8.928456e-05	1.707584e-01
1.751390624999974e-05	-8.951215e-05	1.707385e-01
1.753343749999974e-05	-8.973690e-05	1.707187e-01
1.755296874999973e-05	-8.995883e-05	1.706993e-01
1.757249999999973e-05	-9.017799e-05	1.706801e-01
1.759203124999973e-05	-9.039440e-05	1.706611e-01
1.761156249999973e-05	-9.060811e-05	1.706423e-01
1.763109374999973e-05	-9.081915e-05	1.706238e-01
1.765062499999973e-05	-9.102755e-05	1.706055e-01
1.767015624999973e-05	-9.123334e-05	1.705875e-01
1.768968749999973e-05	-9.143657e-05	1.705697e-01
1.770921874999973e-05	-9.163724e-05	1.705521e-01
1.772874999999973e-05	-9.183541e-05	1.705347e-01
1.774828124999973e-05	-9.203111e-05	1.705175e-01
1.776781249999973e-05	-9.222435e-05	1.705005e-01
1.778734374999973e-05	-9.241518e-05	1.704838e-01
1.780687499999972e-05	-9.260362e-05	1.704673e-01
1.782640624999972e-05	-9.278970e-05	1.704510e-01
1.784593749999972e-05	-9.297346e-05	1.704348e-01
1.786546874999972e-05	-9.315491e-05	1.704189e-01
1.788499999999972e-05	-9.333411e-05	1.704032e-01
1.790453124999972e-05	-9.351106e-05	1.703877e-01
1.792406249999972e-05	-9.368579e-05	1.703723e-01
1.794359374999972e-05	-9.385835e-05	1.703572e-01
1.796312499999972e-05	-9.402874e-05	1.703422e-01
1.798265624999972e-05	-9.419700e-05	1.703275e-01
1.800218749999972e-05	-9.436316e-05	1.703129e-01
1.802171874999972e-05	-9.452724e-05	1.702985e-01
1.804124999999971e-05	-9.468927e-05	1.702842e-01
1.806078124999971e-05	-9.484927e-05	1.702702e-01
1.808031249999971e-05	-9.500727e-05	1.702563e-01
1.809984374999971e-05	-9.516330e-05	1.702426e-01
1.811937499999971e-05	-9.531737e-05	1.702291e-01
1.813890624999971e-05	-9.546952e-05	1.702157e-01
1.815843749999971e-05	-9.561977e-05	1.702026e-01
1.817796874999971e-05	-9.576813e-05	1.701895e-01
1.819749999999971e-05	-9.591464e-05	1.701767e-01
1.821703124999971e-05	-9.605932e-05	1.701640e-01
1.823656249999971e-05	-9.620219e-05	1.701514e-01
1.825609374999971e-05	-9.634328e-05	1.701390e-01
1.827562499999971e-05	-9.648260e-05	1.701268e-01
1.829515624999970e-05	-9.662018e-05	1.701147e-01
1.831468749999970e-05	-9.675603e-05	1.701028e-01
1.833421874999970e-05	-9.689019e-05	1.700910e-01
1.835374999999970e-05	-9.702267e-05	1.700794e-01
1.837328124999970e-05	-9.715349e-05	1.700679e-01
1.839281249999970e-05	-9.728267e-05	1.700565e-01
1.841234374999970e-05	-9.741025e-05	1.700453e-01
1.843187499999970e-05	-9.753623e-05	1.700342e-01
1.845140624999970e-05	-9.766063e-05	1.700233e-01
1.847093749999970e-05	-9.778347e-05	1.700125e-01
1.849046874999970e-05	-9.790478e-05	1.700018e-01
1.850999999999970e-05	-9.802457e-05	1.699913e-01
1.852953124999969e-05	-9.814287e-05	1.699809e-01
1.854906249999969e-05	-9.825968e-05	1.699707e-01
1.856859374999969e-05	-9.837504e-05	1.699605e-01
1.858812499999969e-05	-9.848895e-05	1.699505e-01
1.860765624999969e-05	-9.860144e-05	1.699406e-01
1.862718749999969e-05	-9.871252e-05	1.699309e-01
1.864671874999969e-05	-9.882221e-05	1.699212e-01
1.866624999999969e-05	-9.893053e-05	1.699117e-01
1.868578124999969e-05	-9.903750e-05	1.699023e-01
1.870531249999969e-05	-9.914312e-05	1.698930e-01
1.872484374999969e-05	-9.924743e-05	1.698838e-01
1.874437499999969e-05	-9.935044e-05	1.698748e-01
1.876390624999969e-05	-9.945215e-05	1.698658e-01
1.878343749999968e-05	-9.955259e-05	1.698570e-01
1.880296874999968e-05	-9.965178e-05	1.698483e-01
1.882249999999968e-05	-9.974973e-05	1.698397e-01
1.884203124999968e-05	-9.984645e-05	1.698312e-01
1.886156249999968e-05	-9.994196e-05	1.698228e-01
1.888109374999968e-05	-1.000363e-04	1.698145e-01
1.890062499999968e-05	-1.001294e-04	1.698063e-01
1.892015624999968e-05	-1.002214e-04	1.697982e-01
1.893968749999968e-05	-1.003122e-04	1.697902e-01
1.895921874999968e-05	-1.004019e-04	1.697823e-01
1.897874999999968e-05	-1.004905e-04	1.697745e-01
1.899828124999968e-05	-1.005779e-04	1.697668e-01
1.901781249999968e-05	-1.006643e-04	1.697592e-01
1.903734374999967e-05	-1.007496e-04	1.697517e-01
1.905687499999967e-05	-1.008338e-04	1.697443e-01
1.907640624999967e-05	-1.009170e-04	1.697370e-01
1.909593749999967e-05	-1.009991e-04	1.697297e-01
1.911546874999967e-05	-1.010802e-04	1.697226e-01
1.913499999999967e-05	-1.011603e-04	1.697155e-01
1.915453124999967e-05	-1.012393e-04	1.697086e-01
1.917406249999967e-05	-1.013174e-04	1.697017e-01
1.919359374999967e-05	-1.013945e-04	1.696949e-01
1.921312499999967e-05	-1.014707e-04	1.696882e-01
1.923265624999967e-05	-1.015459e-04	1.696816e-01
1.925218749999967e-05	-1.016202e-04	1.696750e-01
1.927171874999966e-05	-1.016935e-04	1.696686e-01
1.929124999999966e-05	-1.017659e-04	1.696622e-01
1.931078124999966e-05	-1.018374e-04	1.696559e-01
1.933031249999966e-05	-1.019080e-04	1.696497e-01
1.934984374999966e-05	-1.019778e-04	1.696435e-01
1.936937499999966e-05	-1.020466e-04	1.696375e-01
1.938890624999966e-05	-1.021146e-04	1.696315e-01
1.940843749999966e-05	-1.021818e-04	1.696256e-01
1.942796874999966e-05	-1.022481e-04	1.696197e-01
1.944749999999966e-05	-1.023135e-04	1.696139e-01
1.946703124999966e-05	-1.023782e-04	1.696082e-01
1.948656249999966e-05	-1.024421e-04	1.696026e-01
1.950609374999966e-05	-1.025051e-04	1.695970e-01
1.952562499999965e-05	-1.025674e-04	1.695916e-01
1.954515624999965e-05	-1.026289e-04	1.695861e-01
1.956468749999965e-05	-1.026896e-04	1.695808e-01
1.958421874999965e-05	-1.027495e-04	1.695755e-01
1.960374999999965e-05	-1.028087e-04	1.695703e-01
1.962328124999965e-05	-1.028672e-04	1.695651e-01
1.964281249999965e-05	-1.029249e-04	1.695600e-01
1.966234374999965e-05	-1.029820e-04	1.695550e-01
1.968187499999965e-05	-1.030383e-04	1.695500e-01
1.970140624999965e-05	-1.030939e-04	1.695451e-01
1.972093749999965e-05	-1.031488e-04	1.695403e-01
1.974046874999965e-05	-1.032030e-04	1.695355e-01
1.975999999999964e-05	-1.032565e-04	1.695307e-01
1.977953124999964e-05	-1.033094e-04	1.695261e-01
1.979906249999964e-05	-1.033616e-04	1.695215e-01
1.981859374999964e-05	-1.034131e-04	1.695169e-01
1.983812499999964e-05	-1.034640e-04	1.695124e-01
1.985765624999964e-05	-1.035143e-04	1.695080e-01
1.987718749999964e-05	-1.035640e-04	1.695036e-01
1.989671874999964e-05	-1.036130e-04	1.694993e-01
1.991624999999964e-05	-1.036614e-04	1.694950e-01
1.993578124999964e-05	-1.037092e-04	1.694908e-01
1.995531249999964e-05	-1.037564e-04	1.694866e-01
1.997484374999964e-05	-1.038030e-04	1.694825e-01
1.999437499999964e-05	-1.038491e-04	1.694784e-01
2.000000000000000e-05	-1.038622e-04	1.694771e-01
