time	V(signal)	V(vout)
0.000000000000000e+00	-1.074840e-04	1.694567e-01
1.953124890551744e-13	-1.081820e-04	1.694567e-01
3.906249781103488e-13	-1.081939e-04	1.694567e-01
7.812499562206976e-13	-1.075176e-04	1.694567e-01
1.562499912441395e-12	-1.086901e-04	1.694567e-01
3.124999824882790e-12	-1.068438e-04	1.694567e-01
6.249999649765581e-12	-1.077715e-04	1.694567e-01
1.249999929953116e-11	-1.071917e-04	1.694567e-01
2.499999859906232e-11	-1.074684e-04	1.694567e-01
4.999999719812465e-11	-1.074566e-04	1.694567e-01
9.999999439624929e-11	-1.074902e-04	1.694567e-01
1.994712612416346e-10	-1.074822e-04	1.694567e-01
3.984137949324052e-10	-1.074929e-04	1.694567e-01
7.962988623139464e-10	-1.074819e-04	1.694567e-01
1.592068997077029e-09	-1.074830e-04	1.694567e-01
3.183609266603193e-09	-1.074837e-04	1.694567e-01
6.366689805655523e-09	-1.074843e-04	1.694567e-01
1.273285088376018e-08	-1.074845e-04	1.694566e-01
2.546517303996950e-08	-1.074838e-04	1.694555e-01
4.499642303996950e-08	-1.074840e-04	1.694545e-01
6.452767303996950e-08	-1.074839e-04	1.694546e-01
8.405892303996950e-08	-1.074839e-04	1.694549e-01
1.035901730399695e-07	-1.074840e-04	1.694555e-01
1.231214230399695e-07	-1.074839e-04	1.694562e-01
1.426526730399695e-07	-1.074840e-04	1.694570e-01
1.621839230399695e-07	-1.074839e-04	1.694579e-01
1.817151730399695e-07	-1.074840e-04	1.694590e-01
2.012464230399695e-07	-1.074839e-04	1.694601e-01
2.207776730399695e-07	-1.074840e-04	1.694612e-01
2.403089230399695e-07	-1.074839e-04	1.694625e-01
2.598401730399695e-07	-1.074840e-04	1.694637e-01
2.793714230399695e-07	-1.074839e-04	1.694651e-01
2.989026730399695e-07	-1.074840e-04	1.694664e-01
3.184339230399695e-07	-1.074839e-04	1.694678e-01
3.379651730399695e-07	-1.074840e-04	1.694691e-01
3.574964230399695e-07	-1.074839e-04	1.694705e-01
3.770276730399695e-07	-1.074840e-04	1.694719e-01
3.965589230399695e-07	-1.074839e-04	1.694733e-01
4.160901730399695e-07	-1.074840e-04	1.694747e-01
4.356214230399695e-07	-1.074839e-04	1.694761e-01
4.551526730399695e-07	-1.074840e-04	1.694775e-01
4.746839230399695e-07	-1.074839e-04	1.694789e-01
4.942151730399695e-07	-1.074840e-04	1.694802e-01
5.137464230399696e-07	-1.074839e-04	1.694816e-01
5.332776730399696e-07	-1.074840e-04	1.694829e-01
5.528089230399697e-07	-1.074839e-04	1.694842e-01
5.723401730399697e-07	-1.074840e-04	1.694855e-01
5.918714230399698e-07	-1.074839e-04	1.694867e-01
6.114026730399698e-07	-1.074840e-04	1.694880e-01
6.309339230399699e-07	-1.074839e-04	1.694892e-01
6.504651730399699e-07	-1.074840e-04	1.694904e-01
6.699964230399700e-07	-1.074839e-04	1.694915e-01
6.895276730399700e-07	-1.074840e-04	1.694926e-01
7.090589230399701e-07	-1.074839e-04	1.694937e-01
7.285901730399701e-07	-1.074840e-04	1.694948e-01
7.481214230399702e-07	-1.074839e-04	1.694959e-01
7.676526730399702e-07	-1.074840e-04	1.694969e-01
7.871839230399703e-07	-1.074839e-04	1.694979e-01
8.067151730399703e-07	-1.074840e-04	1.694988e-01
8.262464230399704e-07	-1.074839e-04	1.694998e-01
8.457776730399704e-07	-1.074840e-04	1.695007e-01
8.653089230399705e-07	-1.074839e-04	1.695016e-01
8.848401730399706e-07	-1.074840e-04	1.695024e-01
9.043714230399706e-07	-1.074840e-04	1.695033e-01
9.239026730399707e-07	-1.074840e-04	1.695041e-01
9.434339230399707e-07	-1.074840e-04	1.695049e-01
9.629651730399708e-07	-1.074840e-04	1.695056e-01
9.824964230399708e-07	-1.074840e-04	1.695064e-01
9.999999999999159e-07	-1.074839e-04	1.695069e-01
1.010000000000000e-06	3.091524e-02	1.699156e-01
1.023510649079527e-06	3.091524e-02	1.724622e-01
1.032042601163615e-06	3.091524e-02	1.754110e-01
1.041465135274304e-06	3.091524e-02	1.795794e-01
1.051437255160660e-06	3.091524e-02	1.849635e-01
1.065218878489585e-06	3.091524e-02	1.939758e-01
1.079845213639878e-06	3.091524e-02	2.053574e-01
1.099376463639878e-06	3.091524e-02	2.231575e-01
1.118907713639878e-06	3.091524e-02	2.435824e-01
1.138438963639878e-06	3.091524e-02	2.662725e-01
1.157970213639878e-06	3.091524e-02	2.909022e-01
1.177501463639878e-06	3.091524e-02	3.171811e-01
1.197032713639878e-06	3.091524e-02	3.448467e-01
1.216563963639878e-06	3.091524e-02	3.736646e-01
1.236095213639878e-06	3.091524e-02	4.034236e-01
1.255626463639878e-06	3.091524e-02	4.339347e-01
1.275157713639878e-06	3.091524e-02	4.650280e-01
1.294688963639878e-06	3.091524e-02	4.965519e-01
1.314220213639879e-06	3.091524e-02	5.283702e-01
1.333751463639879e-06	3.091524e-02	5.603616e-01
1.353282713639879e-06	3.091524e-02	5.924174e-01
1.372813963639879e-06	3.091524e-02	6.244414e-01
1.392345213639879e-06	3.091524e-02	6.563475e-01
1.411876463639879e-06	3.091524e-02	6.880597e-01
1.431407713639879e-06	3.091524e-02	7.195109e-01
1.450938963639879e-06	3.091524e-02	7.506416e-01
1.470470213639879e-06	3.091524e-02	7.813998e-01
1.490001463639879e-06	3.091524e-02	8.117403e-01
1.509532713639879e-06	3.091524e-02	8.416236e-01
1.529063963639879e-06	3.091524e-02	8.710157e-01
1.548595213639879e-06	3.091524e-02	8.998874e-01
1.568126463639879e-06	3.091524e-02	9.282143e-01
1.587657713639879e-06	3.091524e-02	9.559756e-01
1.607188963639879e-06	3.091524e-02	9.831545e-01
1.626720213639879e-06	3.091524e-02	1.009737e+00
1.646251463639879e-06	3.091524e-02	1.035714e+00
1.665782713639879e-06	3.091524e-02	1.061075e+00
1.685313963639880e-06	3.091524e-02	1.085817e+00
1.704845213639880e-06	3.091524e-02	1.109935e+00
1.724376463639880e-06	3.091524e-02	1.133429e+00
1.743907713639880e-06	3.091524e-02	1.156299e+00
1.763438963639880e-06	3.091524e-02	1.178547e+00
1.782970213639880e-06	3.091524e-02	1.200177e+00
1.802501463639880e-06	3.091524e-02	1.221193e+00
1.822032713639880e-06	3.091524e-02	1.241601e+00
1.841563963639880e-06	3.091524e-02	1.261408e+00
1.861095213639880e-06	3.091524e-02	1.280622e+00
1.880626463639880e-06	3.091524e-02	1.299252e+00
1.900157713639880e-06	3.091524e-02	1.317307e+00
1.919688963639880e-06	3.091524e-02	1.334795e+00
1.939220213639880e-06	3.091524e-02	1.351729e+00
1.958751463639880e-06	3.091524e-02	1.368118e+00
1.978282713639880e-06	3.091524e-02	1.383973e+00
1.997813963639880e-06	3.091524e-02	1.399307e+00
2.017345213639880e-06	3.091524e-02	1.414129e+00
2.036876463639880e-06	3.091524e-02	1.428453e+00
2.056407713639880e-06	3.091524e-02	1.442290e+00
2.075938963639880e-06	3.091524e-02	1.455652e+00
2.095470213639880e-06	3.091524e-02	1.468550e+00
2.115001463639880e-06	3.091524e-02	1.480998e+00
2.134532713639880e-06	3.091524e-02	1.493006e+00
2.154063963639881e-06	3.091524e-02	1.504587e+00
2.173595213639881e-06	3.091524e-02	1.515753e+00
2.193126463639881e-06	3.091524e-02	1.526516e+00
2.212657713639881e-06	3.091524e-02	1.536886e+00
2.232188963639881e-06	3.091524e-02	1.546877e+00
2.251720213639881e-06	3.091524e-02	1.556498e+00
2.271251463639881e-06	3.091524e-02	1.565762e+00
2.290782713639881e-06	3.091524e-02	1.574678e+00
2.310313963639881e-06	3.091524e-02	1.583259e+00
2.329845213639881e-06	3.091524e-02	1.591515e+00
2.349376463639881e-06	3.091524e-02	1.599456e+00
2.368907713639881e-06	3.091524e-02	1.607092e+00
2.388438963639881e-06	3.091524e-02	1.614433e+00
2.407970213639881e-06	3.091524e-02	1.621490e+00
2.427501463639881e-06	3.091524e-02	1.628271e+00
2.447032713639881e-06	3.091524e-02	1.634787e+00
2.466563963639881e-06	3.091524e-02	1.641045e+00
2.486095213639881e-06	3.091524e-02	1.647056e+00
2.505626463639881e-06	3.091524e-02	1.652828e+00
2.525157713639882e-06	3.091524e-02	1.658368e+00
2.544688963639882e-06	3.091524e-02	1.663686e+00
2.564220213639882e-06	3.091524e-02	1.668789e+00
2.583751463639882e-06	3.091524e-02	1.673685e+00
2.603282713639882e-06	3.091524e-02	1.678382e+00
2.622813963639882e-06	3.091524e-02	1.682887e+00
2.642345213639882e-06	3.091524e-02	1.687206e+00
2.661876463639882e-06	3.091524e-02	1.691347e+00
2.681407713639882e-06	3.091524e-02	1.695317e+00
2.700938963639882e-06	3.091524e-02	1.699121e+00
2.720470213639882e-06	3.091524e-02	1.702767e+00
2.740001463639882e-06	3.091524e-02	1.706260e+00
2.759532713639882e-06	3.091524e-02	1.709606e+00
2.779063963639882e-06	3.091524e-02	1.712811e+00
2.798595213639882e-06	3.091524e-02	1.715879e+00
2.818126463639882e-06	3.091524e-02	1.718818e+00
2.837657713639882e-06	3.091524e-02	1.721630e+00
2.857188963639882e-06	3.091524e-02	1.724323e+00
2.876720213639882e-06	3.091524e-02	1.726899e+00
2.896251463639882e-06	3.091524e-02	1.729365e+00
2.915782713639883e-06	3.091524e-02	1.731723e+00
2.935313963639883e-06	3.091524e-02	1.733979e+00
2.954845213639883e-06	3.091524e-02	1.736138e+00
2.974376463639883e-06	3.091524e-02	1.738201e+00
2.993907713639883e-06	3.091524e-02	1.740174e+00
3.013438963639883e-06	3.091524e-02	1.742061e+00
3.032970213639883e-06	3.091524e-02	1.743864e+00
3.052501463639883e-06	3.091524e-02	1.745587e+00
3.072032713639883e-06	3.091524e-02	1.747234e+00
3.091563963639883e-06	3.091524e-02	1.748808e+00
3.111095213639883e-06	3.091524e-02	1.750311e+00
3.130626463639883e-06	3.091524e-02	1.751747e+00
3.150157713639883e-06	3.091524e-02	1.753119e+00
3.169688963639883e-06	3.091524e-02	1.754428e+00
3.189220213639883e-06	3.091524e-02	1.755679e+00
3.208751463639883e-06	3.091524e-02	1.756873e+00
3.228282713639883e-06	3.091524e-02	1.758013e+00
3.247813963639883e-06	3.091524e-02	1.759100e+00
3.267345213639883e-06	3.091524e-02	1.760139e+00
3.286876463639884e-06	3.091524e-02	1.761129e+00
3.306407713639884e-06	3.091524e-02	1.762074e+00
3.325938963639884e-06	3.091524e-02	1.762976e+00
3.345470213639884e-06	3.091524e-02	1.763836e+00
3.365001463639884e-06	3.091524e-02	1.764656e+00
3.384532713639884e-06	3.091524e-02	1.765438e+00
3.404063963639884e-06	3.091524e-02	1.766184e+00
3.423595213639884e-06	3.091524e-02	1.766895e+00
3.443126463639884e-06	3.091524e-02	1.767573e+00
3.462657713639884e-06	3.091524e-02	1.768219e+00
3.482188963639884e-06	3.091524e-02	1.768834e+00
3.501720213639884e-06	3.091524e-02	1.769421e+00
3.521251463639884e-06	3.091524e-02	1.769980e+00
3.540782713639884e-06	3.091524e-02	1.770512e+00
3.560313963639884e-06	3.091524e-02	1.771019e+00
3.579845213639884e-06	3.091524e-02	1.771502e+00
3.599376463639884e-06	3.091524e-02	1.771962e+00
3.618907713639884e-06	3.091524e-02	1.772400e+00
3.638438963639884e-06	3.091524e-02	1.772817e+00
3.657970213639884e-06	3.091524e-02	1.773214e+00
3.677501463639885e-06	3.091524e-02	1.773592e+00
3.697032713639885e-06	3.091524e-02	1.773952e+00
3.716563963639885e-06	3.091524e-02	1.774294e+00
3.736095213639885e-06	3.091524e-02	1.774619e+00
3.755626463639885e-06	3.091524e-02	1.774929e+00
3.775157713639885e-06	3.091524e-02	1.775224e+00
3.794688963639885e-06	3.091524e-02	1.775504e+00
3.814220213639885e-06	3.091524e-02	1.775771e+00
3.833751463639885e-06	3.091524e-02	1.776024e+00
3.853282713639885e-06	3.091524e-02	1.776265e+00
3.872813963639885e-06	3.091524e-02	1.776494e+00
3.892345213639885e-06	3.091524e-02	1.776712e+00
3.911876463639885e-06	3.091524e-02	1.776919e+00
3.931407713639885e-06	3.091524e-02	1.777116e+00
3.950938963639885e-06	3.091524e-02	1.777303e+00
3.970470213639885e-06	3.091524e-02	1.777480e+00
3.990001463639885e-06	3.091524e-02	1.777649e+00
4.009532713639885e-06	3.091524e-02	1.777809e+00
4.029063963639885e-06	3.091524e-02	1.777961e+00
4.048595213639885e-06	3.091524e-02	1.778106e+00
4.068126463639885e-06	3.091524e-02	1.778243e+00
4.087657713639885e-06	3.091524e-02	1.778373e+00
4.107188963639885e-06	3.091524e-02	1.778497e+00
4.126720213639885e-06	3.091524e-02	1.778614e+00
4.146251463639885e-06	3.091524e-02	1.778726e+00
4.165782713639885e-06	3.091524e-02	1.778831e+00
4.185313963639885e-06	3.091524e-02	1.778932e+00
4.204845213639885e-06	3.091524e-02	1.779027e+00
4.224376463639886e-06	3.091524e-02	1.779117e+00
4.243907713639886e-06	3.091524e-02	1.779203e+00
4.263438963639886e-06	3.091524e-02	1.779284e+00
4.282970213639886e-06	3.091524e-02	1.779361e+00
4.302501463639886e-06	3.091524e-02	1.779434e+00
4.322032713639886e-06	3.091524e-02	1.779503e+00
4.341563963639886e-06	3.091524e-02	1.779569e+00
4.361095213639886e-06	3.091524e-02	1.779631e+00
4.380626463639886e-06	3.091524e-02	1.779690e+00
4.400157713639886e-06	3.091524e-02	1.779745e+00
4.419688963639886e-06	3.091524e-02	1.779798e+00
4.439220213639886e-06	3.091524e-02	1.779848e+00
4.458751463639886e-06	3.091524e-02	1.779896e+00
4.478282713639886e-06	3.091524e-02	1.779940e+00
4.497813963639886e-06	3.091524e-02	1.779983e+00
4.517345213639886e-06	3.091524e-02	1.780023e+00
4.536876463639886e-06	3.091524e-02	1.780061e+00
4.556407713639886e-06	3.091524e-02	1.780097e+00
4.575938963639886e-06	3.091524e-02	1.780131e+00
4.595470213639887e-06	3.091524e-02	1.780164e+00
4.615001463639887e-06	3.091524e-02	1.780194e+00
4.634532713639887e-06	3.091524e-02	1.780223e+00
4.654063963639887e-06	3.091524e-02	1.780250e+00
4.673595213639887e-06	3.091524e-02	1.780276e+00
4.693126463639887e-06	3.091524e-02	1.780300e+00
4.712657713639887e-06	3.091524e-02	1.780324e+00
4.732188963639887e-06	3.091524e-02	1.780345e+00
4.751720213639887e-06	3.091524e-02	1.780366e+00
4.771251463639887e-06	3.091524e-02	1.780385e+00
4.790782713639887e-06	3.091524e-02	1.780404e+00
4.810313963639887e-06	3.091524e-02	1.780421e+00
4.829845213639887e-06	3.091524e-02	1.780438e+00
4.849376463639887e-06	3.091524e-02	1.780453e+00
4.868907713639887e-06	3.091524e-02	1.780468e+00
4.888438963639887e-06	3.091524e-02	1.780482e+00
4.907970213639887e-06	3.091524e-02	1.780495e+00
4.927501463639887e-06	3.091524e-02	1.780507e+00
4.947032713639887e-06	3.091524e-02	1.780519e+00
4.966563963639887e-06	3.091524e-02	1.780529e+00
4.986095213639888e-06	3.091524e-02	1.780540e+00
5.005626463639888e-06	3.091524e-02	1.780550e+00
5.025157713639888e-06	3.091524e-02	1.780559e+00
5.044688963639888e-06	3.091524e-02	1.780567e+00
5.064220213639888e-06	3.091524e-02	1.780576e+00
5.083751463639888e-06	3.091524e-02	1.780583e+00
5.103282713639888e-06	3.091524e-02	1.780591e+00
5.122813963639888e-06	3.091524e-02	1.780597e+00
5.142345213639888e-06	3.091524e-02	1.780604e+00
5.161876463639888e-06	3.091524e-02	1.780610e+00
5.181407713639888e-06	3.091524e-02	1.780616e+00
5.200938963639888e-06	3.091524e-02	1.780621e+00
5.220470213639888e-06	3.091524e-02	1.780626e+00
5.240001463639888e-06	3.091524e-02	1.780631e+00
5.259532713639888e-06	3.091524e-02	1.780635e+00
5.279063963639888e-06	3.091524e-02	1.780640e+00
5.298595213639888e-06	3.091524e-02	1.780643e+00
5.318126463639888e-06	3.091524e-02	1.780647e+00
5.337657713639888e-06	3.091524e-02	1.780651e+00
5.357188963639889e-06	3.091524e-02	1.780654e+00
5.376720213639889e-06	3.091524e-02	1.780657e+00
5.396251463639889e-06	3.091524e-02	1.780660e+00
5.415782713639889e-06	3.091524e-02	1.780663e+00
5.435313963639889e-06	3.091524e-02	1.780666e+00
5.454845213639889e-06	3.091524e-02	1.780668e+00
5.474376463639889e-06	3.091524e-02	1.780670e+00
5.493907713639889e-06	3.091524e-02	1.780672e+00
5.513438963639889e-06	3.091524e-02	1.780674e+00
5.532970213639889e-06	3.091524e-02	1.780676e+00
5.552501463639889e-06	3.091524e-02	1.780678e+00
5.572032713639889e-06	3.091524e-02	1.780680e+00
5.591563963639889e-06	3.091524e-02	1.780681e+00
5.611095213639889e-06	3.091524e-02	1.780683e+00
5.630626463639889e-06	3.091524e-02	1.780684e+00
5.650157713639889e-06	3.091524e-02	1.780686e+00
5.669688963639889e-06	3.091524e-02	1.780687e+00
5.689220213639889e-06	3.091524e-02	1.780688e+00
5.708751463639889e-06	3.091524e-02	1.780689e+00
5.728282713639889e-06	3.091524e-02	1.780690e+00
5.747813963639890e-06	3.091524e-02	1.780691e+00
5.767345213639890e-06	3.091524e-02	1.780692e+00
5.786876463639890e-06	3.091524e-02	1.780693e+00
5.806407713639890e-06	3.091524e-02	1.780694e+00
5.825938963639890e-06	3.091524e-02	1.780694e+00
5.845470213639890e-06	3.091524e-02	1.780695e+00
5.865001463639890e-06	3.091524e-02	1.780696e+00
5.884532713639890e-06	3.091524e-02	1.780697e+00
5.904063963639890e-06	3.091524e-02	1.780697e+00
5.923595213639890e-06	3.091524e-02	1.780698e+00
5.943126463639890e-06	3.091524e-02	1.780698e+00
5.962657713639890e-06	3.091524e-02	1.780699e+00
5.982188963639890e-06	3.091524e-02	1.780699e+00
6.001720213639890e-06	3.091524e-02	1.780700e+00
6.009999999999999e-06	3.091524e-02	1.780700e+00
6.019999999999999e-06	-1.074843e-04	1.780292e+00
6.021174745216287e-06	-1.074844e-04	1.780171e+00
6.023524235648862e-06	-1.074844e-04	1.779881e+00
6.028223216514013e-06	-1.074838e-04	1.779024e+00
6.032594844870586e-06	-1.074844e-04	1.777930e+00
6.038849989194506e-06	-1.074842e-04	1.775946e+00
6.040071191291403e-06	-1.074847e-04	1.775496e+00
6.042513595485199e-06	-1.074847e-04	1.774564e+00
6.047398403872791e-06	-1.074842e-04	1.772503e+00
6.057168020647974e-06	-1.074840e-04	1.767634e+00
6.076699270647974e-06	-1.074840e-04	1.755144e+00
6.096230520647974e-06	-1.074840e-04	1.739332e+00
6.115761770647974e-06	-1.074839e-04	1.720629e+00
6.135293020647974e-06	-1.074839e-04	1.699422e+00
6.154824270647974e-06	-1.074839e-04	1.676062e+00
6.174355520647974e-06	-1.074839e-04	1.650861e+00
6.193886770647974e-06	-1.074839e-04	1.624099e+00
6.213418020647975e-06	-1.074839e-04	1.596031e+00
6.232949270647975e-06	-1.074840e-04	1.566882e+00
6.252480520647975e-06	-1.074840e-04	1.536857e+00
6.272011770647975e-06	-1.074840e-04	1.506137e+00
6.291543020647975e-06	-1.074839e-04	1.474887e+00
6.311074270647975e-06	-1.074840e-04	1.443253e+00
6.330605520647975e-06	-1.074839e-04	1.411365e+00
6.350136770647975e-06	-1.074840e-04	1.379342e+00
6.369668020647975e-06	-1.074839e-04	1.347287e+00
6.389199270647975e-06	-1.074840e-04	1.315293e+00
6.408730520647975e-06	-1.074839e-04	1.283443e+00
6.428261770647975e-06	-1.074840e-04	1.251809e+00
6.447793020647975e-06	-1.074839e-04	1.220458e+00
6.467324270647975e-06	-1.074839e-04	1.189444e+00
6.486855520647975e-06	-1.074839e-04	1.158819e+00
6.506386770647975e-06	-1.074839e-04	1.128624e+00
6.525918020647975e-06	-1.074839e-04	1.098899e+00
6.545449270647975e-06	-1.074839e-04	1.069675e+00
6.564980520647975e-06	-1.074839e-04	1.040980e+00
6.584511770647975e-06	-1.074839e-04	1.012837e+00
6.604043020647976e-06	-1.074839e-04	9.852659e-01
6.623574270647976e-06	-1.074839e-04	9.582816e-01
6.643105520647976e-06	-1.074839e-04	9.318972e-01
6.662636770647976e-06	-1.074839e-04	9.061223e-01
6.682168020647976e-06	-1.074839e-04	8.809639e-01
6.701699270647976e-06	-1.074839e-04	8.564268e-01
6.721230520647976e-06	-1.074839e-04	8.325137e-01
6.740761770647976e-06	-1.074839e-04	8.092250e-01
6.760293020647976e-06	-1.074839e-04	7.865599e-01
6.779824270647976e-06	-1.074839e-04	7.645156e-01
6.799355520647976e-06	-1.074839e-04	7.430884e-01
6.818886770647976e-06	-1.074839e-04	7.222731e-01
6.838418020647976e-06	-1.074839e-04	7.020632e-01
6.857949270647976e-06	-1.074839e-04	6.824518e-01
6.877480520647976e-06	-1.074839e-04	6.634307e-01
6.897011770647976e-06	-1.074839e-04	6.449912e-01
6.916543020647976e-06	-1.074839e-04	6.271238e-01
6.936074270647976e-06	-1.074839e-04	6.098186e-01
6.955605520647976e-06	-1.074839e-04	5.930653e-01
6.975136770647977e-06	-1.074839e-04	5.768529e-01
6.994668020647977e-06	-1.074839e-04	5.611704e-01
7.014199270647977e-06	-1.074839e-04	5.460063e-01
7.033730520647977e-06	-1.074839e-04	5.313489e-01
7.053261770647977e-06	-1.074839e-04	5.171866e-01
7.072793020647977e-06	-1.074839e-04	5.035074e-01
7.092324270647977e-06	-1.074839e-04	4.902993e-01
7.111855520647977e-06	-1.074839e-04	4.775503e-01
7.131386770647977e-06	-1.074839e-04	4.652485e-01
7.150918020647977e-06	-1.074839e-04	4.533819e-01
7.170449270647977e-06	-1.074839e-04	4.419385e-01
7.189980520647977e-06	-1.074839e-04	4.309065e-01
7.209511770647977e-06	-1.074839e-04	4.202742e-01
7.229043020647977e-06	-1.074839e-04	4.100299e-01
7.248574270647977e-06	-1.074839e-04	4.001622e-01
7.268105520647977e-06	-1.074839e-04	3.906598e-01
7.287636770647977e-06	-1.074839e-04	3.815115e-01
7.307168020647977e-06	-1.074839e-04	3.727064e-01
7.326699270647977e-06	-1.074839e-04	3.642337e-01
7.346230520647977e-06	-1.074839e-04	3.560829e-01
7.365761770647978e-06	-1.074839e-04	3.482434e-01
7.385293020647978e-06	-1.074839e-04	3.407053e-01
7.404824270647978e-06	-1.074839e-04	3.334586e-01
7.424355520647978e-06	-1.074839e-04	3.264935e-01
7.443886770647978e-06	-1.074839e-04	3.198006e-01
7.463418020647978e-06	-1.074839e-04	3.133706e-01
7.482949270647978e-06	-1.074839e-04	3.071945e-01
7.502480520647978e-06	-1.074839e-04	3.012635e-01
7.522011770647978e-06	-1.074839e-04	2.955690e-01
7.541543020647978e-06	-1.074839e-04	2.901026e-01
7.561074270647978e-06	-1.074839e-04	2.848563e-01
7.580605520647978e-06	-1.074839e-04	2.798221e-01
7.600136770647978e-06	-1.074839e-04	2.749925e-01
7.619668020647978e-06	-1.074839e-04	2.703598e-01
7.639199270647977e-06	-1.074839e-04	2.659170e-01
7.658730520647977e-06	-1.074839e-04	2.616570e-01
7.678261770647976e-06	-1.074839e-04	2.575730e-01
7.697793020647975e-06	-1.074839e-04	2.536584e-01
7.717324270647974e-06	-1.074839e-04	2.499068e-01
7.736855520647973e-06	-1.074839e-04	2.463121e-01
7.756386770647973e-06	-1.074839e-04	2.428683e-01
7.775918020647972e-06	-1.074839e-04	2.395696e-01
7.795449270647971e-06	-1.074839e-04	2.364103e-01
7.814980520647970e-06	-1.074839e-04	2.333852e-01
7.834511770647969e-06	-1.074839e-04	2.304889e-01
7.854043020647969e-06	-1.074839e-04	2.277164e-01
7.873574270647968e-06	-1.074839e-04	2.250628e-01
7.893105520647967e-06	-1.074839e-04	2.225234e-01
7.912636770647966e-06	-1.074839e-04	2.200937e-01
7.932168020647965e-06	-1.074839e-04	2.177693e-01
7.951699270647965e-06	-1.074839e-04	2.155459e-01
7.971230520647964e-06	-1.074839e-04	2.134195e-01
7.990761770647963e-06	-1.074839e-04	2.113861e-01
8.010293020647962e-06	-1.074839e-04	2.094420e-01
8.029824270647961e-06	-1.074839e-04	2.075835e-01
8.049355520647961e-06	-1.074839e-04	2.058070e-01
8.068886770647960e-06	-1.074839e-04	2.041093e-01
8.088418020647959e-06	-1.074839e-04	2.024869e-01
8.107949270647958e-06	-1.074839e-04	2.009369e-01
8.127480520647958e-06	-1.074839e-04	1.994562e-01
8.147011770647957e-06	-1.074839e-04	1.980418e-01
8.166543020647956e-06	-1.074839e-04	1.966910e-01
8.186074270647955e-06	-1.074839e-04	1.954012e-01
8.205605520647954e-06	-1.074839e-04	1.941696e-01
8.225136770647954e-06	-1.074839e-04	1.929939e-01
8.244668020647953e-06	-1.074839e-04	1.918716e-01
8.264199270647952e-06	-1.074839e-04	1.908005e-01
8.283730520647951e-06	-1.074839e-04	1.897784e-01
8.303261770647950e-06	-1.074839e-04	1.888031e-01
8.322793020647950e-06	-1.074839e-04	1.878726e-01
8.342324270647949e-06	-1.074839e-04	1.869850e-01
8.361855520647948e-06	-1.074839e-04	1.861384e-01
8.381386770647947e-06	-1.074839e-04	1.853311e-01
8.400918020647946e-06	-1.074839e-04	1.845612e-01
8.420449270647946e-06	-1.074839e-04	1.838272e-01
8.439980520647945e-06	-1.074839e-04	1.831275e-01
8.459511770647944e-06	-1.074839e-04	1.824605e-01
8.479043020647943e-06	-1.074839e-04	1.818248e-01
8.498574270647942e-06	-1.074839e-04	1.812191e-01
8.518105520647942e-06	-1.074839e-04	1.806419e-01
8.537636770647941e-06	-1.074839e-04	1.800919e-01
8.557168020647940e-06	-1.074839e-04	1.795681e-01
8.576699270647939e-06	-1.074839e-04	1.790691e-01
8.596230520647938e-06	-1.074839e-04	1.785940e-01
8.615761770647938e-06	-1.074839e-04	1.781415e-01
8.635293020647937e-06	-1.074839e-04	1.777106e-01
8.654824270647936e-06	-1.074839e-04	1.773005e-01
8.674355520647935e-06	-1.074839e-04	1.769100e-01
8.693886770647934e-06	-1.074839e-04	1.765384e-01
8.713418020647934e-06	-1.074839e-04	1.761848e-01
8.732949270647933e-06	-1.074839e-04	1.758483e-01
8.752480520647932e-06	-1.074839e-04	1.755281e-01
8.772011770647931e-06	-1.074839e-04	1.752236e-01
8.791543020647930e-06	-1.074839e-04	1.749339e-01
8.811074270647930e-06	-1.074839e-04	1.746583e-01
8.830605520647929e-06	-1.074839e-04	1.743963e-01
8.850136770647928e-06	-1.074839e-04	1.741471e-01
8.869668020647927e-06	-1.074839e-04	1.739103e-01
8.889199270647926e-06	-1.074839e-04	1.736851e-01
8.908730520647926e-06	-1.074839e-04	1.734711e-01
8.928261770647925e-06	-1.074839e-04	1.732677e-01
8.947793020647924e-06	-1.074839e-04	1.730744e-01
8.967324270647923e-06	-1.074839e-04	1.728908e-01
8.986855520647922e-06	-1.074839e-04	1.727163e-01
9.006386770647922e-06	-1.074839e-04	1.725506e-01
9.025918020647921e-06	-1.074839e-04	1.723932e-01
9.045449270647920e-06	-1.074839e-04	1.722437e-01
9.064980520647919e-06	-1.074839e-04	1.721017e-01
9.084511770647919e-06	-1.074839e-04	1.719670e-01
9.104043020647918e-06	-1.074839e-04	1.718391e-01
9.123574270647917e-06	-1.074839e-04	1.717176e-01
9.143105520647916e-06	-1.074839e-04	1.716024e-01
9.162636770647915e-06	-1.074839e-04	1.714931e-01
9.182168020647915e-06	-1.074839e-04	1.713893e-01
9.201699270647914e-06	-1.074839e-04	1.712909e-01
9.221230520647913e-06	-1.074839e-04	1.711975e-01
9.240761770647912e-06	-1.074839e-04	1.711090e-01
9.260293020647911e-06	-1.074839e-04	1.710250e-01
9.279824270647911e-06	-1.074839e-04	1.709454e-01
9.299355520647910e-06	-1.074839e-04	1.708699e-01
9.318886770647909e-06	-1.074839e-04	1.707983e-01
9.338418020647908e-06	-1.074839e-04	1.707305e-01
9.357949270647907e-06	-1.074839e-04	1.706663e-01
9.377480520647907e-06	-1.074839e-04	1.706054e-01
9.397011770647906e-06	-1.074839e-04	1.705477e-01
9.416543020647905e-06	-1.074839e-04	1.704931e-01
9.436074270647904e-06	-1.074839e-04	1.704413e-01
9.455605520647903e-06	-1.074839e-04	1.703923e-01
9.475136770647903e-06	-1.074839e-04	1.703459e-01
9.494668020647902e-06	-1.074839e-04	1.703019e-01
9.514199270647901e-06	-1.074839e-04	1.702604e-01
9.533730520647900e-06	-1.074839e-04	1.702210e-01
9.553261770647899e-06	-1.074839e-04	1.701837e-01
9.572793020647899e-06	-1.074839e-04	1.701485e-01
9.592324270647898e-06	-1.074839e-04	1.701152e-01
9.611855520647897e-06	-1.074839e-04	1.700837e-01
9.631386770647896e-06	-1.074839e-04	1.700538e-01
9.650918020647895e-06	-1.074839e-04	1.700256e-01
9.670449270647895e-06	-1.074839e-04	1.699990e-01
9.689980520647894e-06	-1.074839e-04	1.699738e-01
9.709511770647893e-06	-1.074839e-04	1.699500e-01
9.729043020647892e-06	-1.074839e-04	1.699275e-01
9.748574270647891e-06	-1.074839e-04	1.699062e-01
9.768105520647891e-06	-1.074839e-04	1.698861e-01
9.787636770647890e-06	-1.074839e-04	1.698672e-01
9.807168020647889e-06	-1.074839e-04	1.698493e-01
9.826699270647888e-06	-1.074839e-04	1.698324e-01
9.846230520647887e-06	-1.074839e-04	1.698164e-01
9.865761770647887e-06	-1.074839e-04	1.698013e-01
9.885293020647886e-06	-1.074839e-04	1.697871e-01
9.904824270647885e-06	-1.074839e-04	1.697737e-01
9.924355520647884e-06	-1.074839e-04	1.697611e-01
9.943886770647883e-06	-1.074839e-04	1.697491e-01
9.963418020647883e-06	-1.074839e-04	1.697379e-01
9.982949270647882e-06	-1.074839e-04	1.697273e-01
1.000248052064788e-05	-1.074839e-04	1.697173e-01
1.002201177064788e-05	-1.074839e-04	1.697079e-01
1.004154302064788e-05	-1.074839e-04	1.696990e-01
1.006107427064788e-05	-1.074839e-04	1.696907e-01
1.008060552064788e-05	-1.074839e-04	1.696828e-01
1.010013677064788e-05	-1.074839e-04	1.696754e-01
1.011966802064788e-05	-1.074839e-04	1.696684e-01
1.013919927064788e-05	-1.074839e-04	1.696618e-01
1.015873052064787e-05	-1.074839e-04	1.696557e-01
1.017826177064787e-05	-1.074839e-04	1.696499e-01
1.019779302064787e-05	-1.074839e-04	1.696444e-01
1.021732427064787e-05	-1.074839e-04	1.696392e-01
1.023685552064787e-05	-1.074839e-04	1.696344e-01
1.025638677064787e-05	-1.074839e-04	1.696299e-01
1.027591802064787e-05	-1.074839e-04	1.696256e-01
1.029544927064787e-05	-1.074839e-04	1.696216e-01
1.031498052064787e-05	-1.074839e-04	1.696178e-01
1.033451177064787e-05	-1.074839e-04	1.696143e-01
1.035404302064787e-05	-1.074839e-04	1.696110e-01
1.037357427064787e-05	-1.074839e-04	1.696079e-01
1.039310552064787e-05	-1.074839e-04	1.696050e-01
1.041263677064786e-05	-1.074839e-04	1.696022e-01
1.043216802064786e-05	-1.074839e-04	1.695997e-01
1.045169927064786e-05	-1.074839e-04	1.695972e-01
1.047123052064786e-05	-1.074839e-04	1.695950e-01
1.049076177064786e-05	-1.074839e-04	1.695929e-01
1.051029302064786e-05	-1.074839e-04	1.695909e-01
1.052982427064786e-05	-1.074839e-04	1.695890e-01
1.054935552064786e-05	-1.074839e-04	1.695873e-01
1.056888677064786e-05	-1.074839e-04	1.695857e-01
1.058841802064786e-05	-1.074839e-04	1.695842e-01
1.060794927064786e-05	-1.074839e-04	1.695828e-01
1.062748052064786e-05	-1.074839e-04	1.695814e-01
1.064701177064785e-05	-1.074839e-04	1.695802e-01
1.066654302064785e-05	-1.074839e-04	1.695790e-01
1.068607427064785e-05	-1.074839e-04	1.695779e-01
1.070560552064785e-05	-1.074839e-04	1.695769e-01
1.072513677064785e-05	-1.074839e-04	1.695760e-01
1.074466802064785e-05	-1.074839e-04	1.695751e-01
1.076419927064785e-05	-1.074839e-04	1.695743e-01
1.078373052064785e-05	-1.074839e-04	1.695735e-01
1.080326177064785e-05	-1.074839e-04	1.695728e-01
1.082279302064785e-05	-1.074839e-04	1.695721e-01
1.084232427064785e-05	-1.074839e-04	1.695715e-01
1.086185552064785e-05	-1.074839e-04	1.695710e-01
1.088138677064785e-05	-1.074839e-04	1.695704e-01
1.090091802064784e-05	-1.074839e-04	1.695699e-01
1.092044927064784e-05	-1.074839e-04	1.695694e-01
1.093998052064784e-05	-1.074839e-04	1.695690e-01
1.095951177064784e-05	-1.074839e-04	1.695686e-01
1.097904302064784e-05	-1.074839e-04	1.695682e-01
1.099857427064784e-05	-1.074839e-04	1.695679e-01
1.101810552064784e-05	-1.074839e-04	1.695676e-01
1.103763677064784e-05	-1.074839e-04	1.695673e-01
1.105716802064784e-05	-1.074839e-04	1.695670e-01
1.107669927064784e-05	-1.074839e-04	1.695667e-01
1.109623052064784e-05	-1.074839e-04	1.695665e-01
1.111576177064784e-05	-1.074839e-04	1.695663e-01
1.113529302064783e-05	-1.074839e-04	1.695661e-01
1.115482427064783e-05	-1.074839e-04	1.695659e-01
1.117435552064783e-05	-1.074839e-04	1.695657e-01
1.119388677064783e-05	-1.074839e-04	1.695655e-01
1.121341802064783e-05	-1.074839e-04	1.695653e-01
1.123294927064783e-05	-1.074839e-04	1.695652e-01
1.125248052064783e-05	-1.074839e-04	1.695651e-01
1.127201177064783e-05	-1.074839e-04	1.695649e-01
1.129154302064783e-05	-1.074839e-04	1.695648e-01
1.131107427064783e-05	-1.074839e-04	1.695647e-01
1.133060552064783e-05	-1.074839e-04	1.695646e-01
1.135013677064783e-05	-1.074839e-04	1.695645e-01
1.136966802064783e-05	-1.074839e-04	1.695644e-01
1.138919927064782e-05	-1.074839e-04	1.695644e-01
1.140873052064782e-05	-1.074839e-04	1.695643e-01
1.142826177064782e-05	-1.074839e-04	1.695642e-01
1.144779302064782e-05	-1.074839e-04	1.695641e-01
1.146732427064782e-05	-1.074839e-04	1.695641e-01
1.148685552064782e-05	-1.074839e-04	1.695640e-01
1.150638677064782e-05	-1.074839e-04	1.695639e-01
1.152591802064782e-05	-1.074839e-04	1.695639e-01
1.154544927064782e-05	-1.074839e-04	1.695638e-01
1.156498052064782e-05	-1.074839e-04	1.695638e-01
1.158451177064782e-05	-1.074839e-04	1.695637e-01
1.160404302064782e-05	-1.074839e-04	1.695637e-01
1.162357427064782e-05	-1.074839e-04	1.695636e-01
1.164310552064781e-05	-1.074839e-04	1.695636e-01
1.166263677064781e-05	-1.074839e-04	1.695635e-01
1.168216802064781e-05	-1.074839e-04	1.695635e-01
1.170169927064781e-05	-1.074839e-04	1.695634e-01
1.172123052064781e-05	-1.074839e-04	1.695634e-01
1.174076177064781e-05	-1.074839e-04	1.695634e-01
1.176029302064781e-05	-1.074839e-04	1.695633e-01
1.177982427064781e-05	-1.074839e-04	1.695633e-01
1.179935552064781e-05	-1.074839e-04	1.695632e-01
1.181888677064781e-05	-1.074839e-04	1.695632e-01
1.183841802064781e-05	-1.074839e-04	1.695632e-01
1.185794927064781e-05	-1.074839e-04	1.695631e-01
1.187748052064780e-05	-1.074839e-04	1.695631e-01
1.189701177064780e-05	-1.074839e-04	1.695630e-01
1.191654302064780e-05	-1.074839e-04	1.695630e-01
1.193607427064780e-05	-1.074839e-04	1.695630e-01
1.195560552064780e-05	-1.074839e-04	1.695629e-01
1.197513677064780e-05	-1.074839e-04	1.695629e-01
1.199466802064780e-05	-1.074839e-04	1.695628e-01
1.201419927064780e-05	-1.074839e-04	1.695628e-01
1.203373052064780e-05	-1.074839e-04	1.695628e-01
1.205326177064780e-05	-1.074839e-04	1.695627e-01
1.207279302064780e-05	-1.074839e-04	1.695627e-01
1.209232427064780e-05	-1.074839e-04	1.695626e-01
1.211185552064780e-05	-1.074839e-04	1.695626e-01
1.213138677064779e-05	-1.074839e-04	1.695625e-01
1.215091802064779e-05	-1.074839e-04	1.695625e-01
1.217044927064779e-05	-1.074839e-04	1.695625e-01
1.218998052064779e-05	-1.074839e-04	1.695624e-01
1.220951177064779e-05	-1.074839e-04	1.695624e-01
1.222904302064779e-05	-1.074839e-04	1.695623e-01
1.224857427064779e-05	-1.074839e-04	1.695623e-01
1.226810552064779e-05	-1.074839e-04	1.695622e-01
1.228763677064779e-05	-1.074839e-04	1.695622e-01
1.230716802064779e-05	-1.074839e-04	1.695621e-01
1.232669927064779e-05	-1.074839e-04	1.695621e-01
1.234623052064779e-05	-1.074839e-04	1.695620e-01
1.236576177064778e-05	-1.074839e-04	1.695620e-01
1.238529302064778e-05	-1.074839e-04	1.695619e-01
1.240482427064778e-05	-1.074839e-04	1.695619e-01
1.242435552064778e-05	-1.074839e-04	1.695618e-01
1.244388677064778e-05	-1.074839e-04	1.695618e-01
1.246341802064778e-05	-1.074839e-04	1.695617e-01
1.248294927064778e-05	-1.074839e-04	1.695617e-01
1.250248052064778e-05	-1.074839e-04	1.695616e-01
1.252201177064778e-05	-1.074839e-04	1.695616e-01
1.254154302064778e-05	-1.074839e-04	1.695615e-01
1.256107427064778e-05	-1.074839e-04	1.695615e-01
1.258060552064778e-05	-1.074839e-04	1.695614e-01
1.260013677064778e-05	-1.074839e-04	1.695614e-01
1.261966802064777e-05	-1.074839e-04	1.695613e-01
1.263919927064777e-05	-1.074839e-04	1.695613e-01
1.265873052064777e-05	-1.074839e-04	1.695612e-01
1.267826177064777e-05	-1.074839e-04	1.695612e-01
1.269779302064777e-05	-1.074839e-04	1.695611e-01
1.271732427064777e-05	-1.074839e-04	1.695611e-01
1.273685552064777e-05	-1.074839e-04	1.695610e-01
1.275638677064777e-05	-1.074839e-04	1.695609e-01
1.277591802064777e-05	-1.074839e-04	1.695609e-01
1.279544927064777e-05	-1.074839e-04	1.695608e-01
1.281498052064777e-05	-1.074839e-04	1.695608e-01
1.283451177064777e-05	-1.074839e-04	1.695607e-01
1.285404302064776e-05	-1.074839e-04	1.695607e-01
1.287357427064776e-05	-1.074839e-04	1.695606e-01
1.289310552064776e-05	-1.074839e-04	1.695606e-01
1.291263677064776e-05	-1.074839e-04	1.695605e-01
1.293216802064776e-05	-1.074839e-04	1.695604e-01
1.295169927064776e-05	-1.074839e-04	1.695604e-01
1.297123052064776e-05	-1.074839e-04	1.695603e-01
1.299076177064776e-05	-1.074839e-04	1.695603e-01
1.301029302064776e-05	-1.074839e-04	1.695602e-01
1.302982427064776e-05	-1.074839e-04	1.695601e-01
1.304935552064776e-05	-1.074839e-04	1.695601e-01
1.306888677064776e-05	-1.074839e-04	1.695600e-01
1.308841802064776e-05	-1.074839e-04	1.695600e-01
1.310794927064775e-05	-1.074839e-04	1.695599e-01
1.312748052064775e-05	-1.074839e-04	1.695599e-01
1.314701177064775e-05	-1.074839e-04	1.695598e-01
1.316654302064775e-05	-1.074839e-04	1.695597e-01
1.318607427064775e-05	-1.074839e-04	1.695597e-01
1.320560552064775e-05	-1.074839e-04	1.695596e-01
1.322513677064775e-05	-1.074839e-04	1.695596e-01
1.324466802064775e-05	-1.074839e-04	1.695595e-01
1.326419927064775e-05	-1.074839e-04	1.695594e-01
1.328373052064775e-05	-1.074839e-04	1.695594e-01
1.330326177064775e-05	-1.074839e-04	1.695593e-01
1.332279302064775e-05	-1.074839e-04	1.695593e-01
1.334232427064775e-05	-1.074839e-04	1.695592e-01
1.336185552064774e-05	-1.074839e-04	1.695592e-01
1.338138677064774e-05	-1.074839e-04	1.695591e-01
1.340091802064774e-05	-1.074839e-04	1.695590e-01
1.342044927064774e-05	-1.074839e-04	1.695590e-01
1.343998052064774e-05	-1.074839e-04	1.695589e-01
1.345951177064774e-05	-1.074839e-04	1.695589e-01
1.347904302064774e-05	-1.074839e-04	1.695588e-01
1.349857427064774e-05	-1.074839e-04	1.695587e-01
1.351810552064774e-05	-1.074839e-04	1.695587e-01
1.353763677064774e-05	-1.074839e-04	1.695586e-01
1.355716802064774e-05	-1.074839e-04	1.695586e-01
1.357669927064774e-05	-1.074839e-04	1.695585e-01
1.359623052064773e-05	-1.074839e-04	1.695585e-01
1.361576177064773e-05	-1.074839e-04	1.695584e-01
1.363529302064773e-05	-1.074839e-04	1.695583e-01
1.365482427064773e-05	-1.074839e-04	1.695583e-01
1.367435552064773e-05	-1.074839e-04	1.695582e-01
1.369388677064773e-05	-1.074839e-04	1.695582e-01
1.371341802064773e-05	-1.074839e-04	1.695581e-01
1.373294927064773e-05	-1.074839e-04	1.695580e-01
1.375248052064773e-05	-1.074839e-04	1.695580e-01
1.377201177064773e-05	-1.074839e-04	1.695579e-01
1.379154302064773e-05	-1.074839e-04	1.695579e-01
1.381107427064773e-05	-1.074839e-04	1.695578e-01
1.383060552064773e-05	-1.074839e-04	1.695578e-01
1.385013677064772e-05	-1.074839e-04	1.695577e-01
1.386966802064772e-05	-1.074839e-04	1.695576e-01
1.388919927064772e-05	-1.074839e-04	1.695576e-01
1.390873052064772e-05	-1.074839e-04	1.695575e-01
1.392826177064772e-05	-1.074839e-04	1.695575e-01
1.394779302064772e-05	-1.074839e-04	1.695574e-01
1.396732427064772e-05	-1.074839e-04	1.695573e-01
1.398685552064772e-05	-1.074839e-04	1.695573e-01
1.400638677064772e-05	-1.074839e-04	1.695572e-01
1.402591802064772e-05	-1.074839e-04	1.695572e-01
1.404544927064772e-05	-1.074839e-04	1.695571e-01
1.406498052064772e-05	-1.074839e-04	1.695570e-01
1.408451177064771e-05	-1.074839e-04	1.695570e-01
1.410404302064771e-05	-1.074839e-04	1.695569e-01
1.412357427064771e-05	-1.074839e-04	1.695569e-01
1.414310552064771e-05	-1.074839e-04	1.695568e-01
1.416263677064771e-05	-1.074839e-04	1.695568e-01
1.418216802064771e-05	-1.074839e-04	1.695567e-01
1.420169927064771e-05	-1.074839e-04	1.695566e-01
1.422123052064771e-05	-1.074839e-04	1.695566e-01
1.424076177064771e-05	-1.074839e-04	1.695565e-01
1.426029302064771e-05	-1.074839e-04	1.695565e-01
1.427982427064771e-05	-1.074839e-04	1.695564e-01
1.429935552064771e-05	-1.074839e-04	1.695564e-01
1.431888677064771e-05	-1.074839e-04	1.695563e-01
1.433841802064770e-05	-1.074839e-04	1.695562e-01
1.435794927064770e-05	-1.074839e-04	1.695562e-01
1.437748052064770e-05	-1.074839e-04	1.695561e-01
1.439701177064770e-05	-1.074839e-04	1.695561e-01
1.441654302064770e-05	-1.074839e-04	1.695560e-01
1.443607427064770e-05	-1.074839e-04	1.695560e-01
1.445560552064770e-05	-1.074839e-04	1.695559e-01
1.447513677064770e-05	-1.074839e-04	1.695559e-01
1.449466802064770e-05	-1.074839e-04	1.695558e-01
1.451419927064770e-05	-1.074839e-04	1.695557e-01
1.453373052064770e-05	-1.074839e-04	1.695557e-01
1.455326177064770e-05	-1.074839e-04	1.695556e-01
1.457279302064769e-05	-1.074839e-04	1.695556e-01
1.459232427064769e-05	-1.074839e-04	1.695555e-01
1.461185552064769e-05	-1.074839e-04	1.695555e-01
1.463138677064769e-05	-1.074839e-04	1.695554e-01
1.465091802064769e-05	-1.074839e-04	1.695554e-01
1.467044927064769e-05	-1.074839e-04	1.695553e-01
1.468998052064769e-05	-1.074839e-04	1.695552e-01
1.470951177064769e-05	-1.074839e-04	1.695552e-01
1.472904302064769e-05	-1.074839e-04	1.695551e-01
1.474857427064769e-05	-1.074839e-04	1.695551e-01
1.476810552064769e-05	-1.074839e-04	1.695550e-01
1.478763677064769e-05	-1.074839e-04	1.695550e-01
1.480716802064769e-05	-1.074839e-04	1.695549e-01
1.482669927064768e-05	-1.074839e-04	1.695548e-01
1.484623052064768e-05	-1.074839e-04	1.695548e-01
1.486576177064768e-05	-1.074839e-04	1.695547e-01
1.488529302064768e-05	-1.074839e-04	1.695547e-01
1.490482427064768e-05	-1.074839e-04	1.695546e-01
1.492435552064768e-05	-1.074839e-04	1.695546e-01
1.494388677064768e-05	-1.074839e-04	1.695545e-01
1.496341802064768e-05	-1.074839e-04	1.695545e-01
1.498294927064768e-05	-1.074839e-04	1.695544e-01
1.500248052064768e-05	-1.074839e-04	1.695544e-01
1.502201177064768e-05	-1.074839e-04	1.695543e-01
1.504154302064768e-05	-1.074839e-04	1.695542e-01
1.506107427064767e-05	-1.074839e-04	1.695542e-01
1.508060552064767e-05	-1.074839e-04	1.695541e-01
1.510013677064767e-05	-1.074839e-04	1.695541e-01
1.511966802064767e-05	-1.074839e-04	1.695540e-01
1.513919927064767e-05	-1.074839e-04	1.695540e-01
1.515873052064767e-05	-1.074839e-04	1.695539e-01
1.517826177064767e-05	-1.074839e-04	1.695539e-01
1.519779302064767e-05	-1.074839e-04	1.695538e-01
1.521732427064767e-05	-1.074839e-04	1.695538e-01
1.523685552064767e-05	-1.074839e-04	1.695537e-01
1.525638677064767e-05	-1.074839e-04	1.695537e-01
1.527591802064767e-05	-1.074839e-04	1.695536e-01
1.529544927064767e-05	-1.074839e-04	1.695535e-01
1.531498052064767e-05	-1.074839e-04	1.695535e-01
1.533451177064767e-05	-1.074839e-04	1.695534e-01
1.535404302064766e-05	-1.074839e-04	1.695534e-01
1.537357427064766e-05	-1.074839e-04	1.695533e-01
1.539310552064766e-05	-1.074839e-04	1.695533e-01
1.541263677064766e-05	-1.074839e-04	1.695532e-01
1.543216802064766e-05	-1.074839e-04	1.695532e-01
1.545169927064766e-05	-1.074839e-04	1.695531e-01
1.547123052064766e-05	-1.074839e-04	1.695531e-01
1.549076177064766e-05	-1.074839e-04	1.695530e-01
1.551029302064766e-05	-1.074839e-04	1.695530e-01
1.552982427064766e-05	-1.074839e-04	1.695529e-01
1.554935552064766e-05	-1.074839e-04	1.695529e-01
1.556888677064766e-05	-1.074839e-04	1.695528e-01
1.558841802064766e-05	-1.074839e-04	1.695528e-01
1.560794927064765e-05	-1.074839e-04	1.695527e-01
1.562748052064765e-05	-1.074839e-04	1.695527e-01
1.564701177064765e-05	-1.074839e-04	1.695526e-01
1.566654302064765e-05	-1.074839e-04	1.695525e-01
1.568607427064765e-05	-1.074839e-04	1.695525e-01
1.570560552064765e-05	-1.074839e-04	1.695524e-01
1.572513677064765e-05	-1.074839e-04	1.695524e-01
1.574466802064765e-05	-1.074839e-04	1.695523e-01
1.576419927064765e-05	-1.074839e-04	1.695523e-01
1.578373052064765e-05	-1.074839e-04	1.695522e-01
1.580326177064765e-05	-1.074839e-04	1.695522e-01
1.582279302064765e-05	-1.074839e-04	1.695521e-01
1.584232427064764e-05	-1.074839e-04	1.695521e-01
1.586185552064764e-05	-1.074839e-04	1.695520e-01
1.588138677064764e-05	-1.074839e-04	1.695520e-01
1.590091802064764e-05	-1.074839e-04	1.695519e-01
1.592044927064764e-05	-1.074839e-04	1.695519e-01
1.593998052064764e-05	-1.074839e-04	1.695518e-01
1.595951177064764e-05	-1.074839e-04	1.695518e-01
1.597904302064764e-05	-1.074839e-04	1.695517e-01
1.599857427064764e-05	-1.074839e-04	1.695517e-01
1.601810552064764e-05	-1.074839e-04	1.695516e-01
1.603763677064764e-05	-1.074839e-04	1.695516e-01
1.605716802064764e-05	-1.074839e-04	1.695515e-01
1.607669927064764e-05	-1.074839e-04	1.695515e-01
1.609623052064763e-05	-1.074839e-04	1.695514e-01
1.611576177064763e-05	-1.074839e-04	1.695514e-01
1.613529302064763e-05	-1.074839e-04	1.695513e-01
1.615482427064763e-05	-1.074839e-04	1.695513e-01
1.617435552064763e-05	-1.074839e-04	1.695512e-01
1.619388677064763e-05	-1.074839e-04	1.695512e-01
1.621341802064763e-05	-1.074839e-04	1.695511e-01
1.623294927064763e-05	-1.074839e-04	1.695511e-01
1.625248052064763e-05	-1.074839e-04	1.695510e-01
1.627201177064763e-05	-1.074839e-04	1.695510e-01
1.629154302064763e-05	-1.074839e-04	1.695509e-01
1.631107427064763e-05	-1.074839e-04	1.695509e-01
1.633060552064762e-05	-1.074839e-04	1.695508e-01
1.635013677064762e-05	-1.074839e-04	1.695508e-01
1.636966802064762e-05	-1.074839e-04	1.695507e-01
1.638919927064762e-05	-1.074839e-04	1.695507e-01
1.640873052064762e-05	-1.074839e-04	1.695506e-01
1.642826177064762e-05	-1.074839e-04	1.695506e-01
1.644779302064762e-05	-1.074839e-04	1.695505e-01
1.646732427064762e-05	-1.074839e-04	1.695505e-01
1.648685552064762e-05	-1.074839e-04	1.695504e-01
1.650638677064762e-05	-1.074839e-04	1.695504e-01
1.652591802064762e-05	-1.074839e-04	1.695503e-01
1.654544927064762e-05	-1.074839e-04	1.695503e-01
1.656498052064762e-05	-1.074839e-04	1.695502e-01
1.658451177064761e-05	-1.074839e-04	1.695502e-01
1.660404302064761e-05	-1.074839e-04	1.695501e-01
1.662357427064761e-05	-1.074839e-04	1.695501e-01
1.664310552064761e-05	-1.074839e-04	1.695500e-01
1.666263677064761e-05	-1.074839e-04	1.695500e-01
1.668216802064761e-05	-1.074839e-04	1.695499e-01
1.670169927064761e-05	-1.074839e-04	1.695499e-01
1.672123052064761e-05	-1.074839e-04	1.695499e-01
1.674076177064761e-05	-1.074839e-04	1.695498e-01
1.676029302064761e-05	-1.074839e-04	1.695497e-01
1.677982427064761e-05	-1.074839e-04	1.695497e-01
1.679935552064761e-05	-1.074839e-04	1.695497e-01
1.681888677064761e-05	-1.074839e-04	1.695496e-01
1.683841802064760e-05	-1.074839e-04	1.695496e-01
1.685794927064760e-05	-1.074839e-04	1.695495e-01
1.687748052064760e-05	-1.074839e-04	1.695495e-01
1.689701177064760e-05	-1.074839e-04	1.695494e-01
1.691654302064760e-05	-1.074839e-04	1.695494e-01
1.693607427064760e-05	-1.074839e-04	1.695493e-01
1.695560552064760e-05	-1.074839e-04	1.695493e-01
1.697513677064760e-05	-1.074839e-04	1.695492e-01
1.699466802064760e-05	-1.074839e-04	1.695492e-01
1.701419927064760e-05	-1.074839e-04	1.695491e-01
1.703373052064760e-05	-1.074839e-04	1.695491e-01
1.705326177064760e-05	-1.074839e-04	1.695490e-01
1.707279302064759e-05	-1.074839e-04	1.695490e-01
1.709232427064759e-05	-1.074839e-04	1.695489e-01
1.711185552064759e-05	-1.074839e-04	1.695489e-01
1.713138677064759e-05	-1.074839e-04	1.695489e-01
1.715091802064759e-05	-1.074839e-04	1.695488e-01
1.717044927064759e-05	-1.074839e-04	1.695488e-01
1.718998052064759e-05	-1.074839e-04	1.695487e-01
1.720951177064759e-05	-1.074839e-04	1.695487e-01
1.722904302064759e-05	-1.074839e-04	1.695486e-01
1.724857427064759e-05	-1.074839e-04	1.695486e-01
1.726810552064759e-05	-1.074839e-04	1.695485e-01
1.728763677064759e-05	-1.074839e-04	1.695485e-01
1.730716802064759e-05	-1.074839e-04	1.695484e-01
1.732669927064758e-05	-1.074839e-04	1.695484e-01
1.734623052064758e-05	-1.074839e-04	1.695483e-01
1.736576177064758e-05	-1.074839e-04	1.695483e-01
1.738529302064758e-05	-1.074839e-04	1.695483e-01
1.740482427064758e-05	-1.074839e-04	1.695482e-01
1.742435552064758e-05	-1.074839e-04	1.695482e-01
1.744388677064758e-05	-1.074839e-04	1.695481e-01
1.746341802064758e-05	-1.074839e-04	1.695481e-01
1.748294927064758e-05	-1.074839e-04	1.695480e-01
1.750248052064758e-05	-1.074839e-04	1.695480e-01
1.752201177064758e-05	-1.074839e-04	1.695479e-01
1.754154302064758e-05	-1.074839e-04	1.695479e-01
1.756107427064757e-05	-1.074839e-04	1.695478e-01
1.758060552064757e-05	-1.074839e-04	1.695478e-01
1.760013677064757e-05	-1.074839e-04	1.695478e-01
1.761966802064757e-05	-1.074839e-04	1.695477e-01
1.763919927064757e-05	-1.074839e-04	1.695477e-01
1.765873052064757e-05	-1.074839e-04	1.695476e-01
1.767826177064757e-05	-1.074839e-04	1.695476e-01
1.769779302064757e-05	-1.074839e-04	1.695475e-01
1.771732427064757e-05	-1.074839e-04	1.695475e-01
1.773685552064757e-05	-1.074839e-04	1.695474e-01
1.775638677064757e-05	-1.074839e-04	1.695474e-01
1.777591802064757e-05	-1.074839e-04	1.695473e-01
1.779544927064757e-05	-1.074839e-04	1.695473e-01
1.781498052064756e-05	-1.074839e-04	1.695473e-01
1.783451177064756e-05	-1.074839e-04	1.695472e-01
1.785404302064756e-05	-1.074839e-04	1.695472e-01
1.787357427064756e-05	-1.074839e-04	1.695471e-01
1.789310552064756e-05	-1.074839e-04	1.695471e-01
1.791263677064756e-05	-1.074839e-04	1.695470e-01
1.793216802064756e-05	-1.074839e-04	1.695470e-01
1.795169927064756e-05	-1.074839e-04	1.695469e-01
1.797123052064756e-05	-1.074839e-04	1.695469e-01
1.799076177064756e-05	-1.074839e-04	1.695469e-01
1.801029302064756e-05	-1.074839e-04	1.695468e-01
1.802982427064756e-05	-1.074839e-04	1.695468e-01
1.804935552064755e-05	-1.074839e-04	1.695467e-01
1.806888677064755e-05	-1.074839e-04	1.695467e-01
1.808841802064755e-05	-1.074839e-04	1.695466e-01
1.810794927064755e-05	-1.074839e-04	1.695466e-01
1.812748052064755e-05	-1.074839e-04	1.695466e-01
1.814701177064755e-05	-1.074839e-04	1.695465e-01
1.816654302064755e-05	-1.074839e-04	1.695465e-01
1.818607427064755e-05	-1.074839e-04	1.695464e-01
1.820560552064755e-05	-1.074839e-04	1.695464e-01
1.822513677064755e-05	-1.074839e-04	1.695463e-01
1.824466802064755e-05	-1.074839e-04	1.695463e-01
1.826419927064755e-05	-1.074839e-04	1.695462e-01
1.828373052064755e-05	-1.074839e-04	1.695462e-01
1.830326177064754e-05	-1.074839e-04	1.695462e-01
1.832279302064754e-05	-1.074839e-04	1.695461e-01
1.834232427064754e-05	-1.074839e-04	1.695461e-01
1.836185552064754e-05	-1.074839e-04	1.695460e-01
1.838138677064754e-05	-1.074839e-04	1.695460e-01
1.840091802064754e-05	-1.074839e-04	1.695459e-01
1.842044927064754e-05	-1.074839e-04	1.695459e-01
1.843998052064754e-05	-1.074839e-04	1.695459e-01
1.845951177064754e-05	-1.074839e-04	1.695458e-01
1.847904302064754e-05	-1.074839e-04	1.695458e-01
1.849857427064754e-05	-1.074839e-04	1.695457e-01
1.851810552064754e-05	-1.074839e-04	1.695457e-01
1.853763677064754e-05	-1.074839e-04	1.695457e-01
1.855716802064753e-05	-1.074839e-04	1.695456e-01
1.857669927064753e-05	-1.074839e-04	1.695456e-01
1.859623052064753e-05	-1.074839e-04	1.695455e-01
1.861576177064753e-05	-1.074839e-04	1.695455e-01
1.863529302064753e-05	-1.074839e-04	1.695454e-01
1.865482427064753e-05	-1.074839e-04	1.695454e-01
1.867435552064753e-05	-1.074839e-04	1.695454e-01
1.869388677064753e-05	-1.074839e-04	1.695453e-01
1.871341802064753e-05	-1.074839e-04	1.695453e-01
1.873294927064753e-05	-1.074839e-04	1.695452e-01
1.875248052064753e-05	-1.074839e-04	1.695452e-01
1.877201177064753e-05	-1.074839e-04	1.695452e-01
1.879154302064752e-05	-1.074839e-04	1.695451e-01
1.881107427064752e-05	-1.074839e-04	1.695451e-01
1.883060552064752e-05	-1.074839e-04	1.695450e-01
1.885013677064752e-05	-1.074839e-04	1.695450e-01
1.886966802064752e-05	-1.074839e-04	1.695450e-01
1.888919927064752e-05	-1.074839e-04	1.695449e-01
1.890873052064752e-05	-1.074839e-04	1.695449e-01
1.892826177064752e-05	-1.074839e-04	1.695448e-01
1.894779302064752e-05	-1.074839e-04	1.695448e-01
1.896732427064752e-05	-1.074839e-04	1.695447e-01
1.898685552064752e-05	-1.074839e-04	1.695447e-01
1.900638677064752e-05	-1.074839e-04	1.695447e-01
1.902591802064752e-05	-1.074839e-04	1.695446e-01
1.904544927064751e-05	-1.074839e-04	1.695446e-01
1.906498052064751e-05	-1.074839e-04	1.695445e-01
1.908451177064751e-05	-1.074839e-04	1.695445e-01
1.910404302064751e-05	-1.074839e-04	1.695445e-01
1.912357427064751e-05	-1.074839e-04	1.695444e-01
1.914310552064751e-05	-1.074839e-04	1.695444e-01
1.916263677064751e-05	-1.074839e-04	1.695443e-01
1.918216802064751e-05	-1.074839e-04	1.695443e-01
1.920169927064751e-05	-1.074839e-04	1.695442e-01
1.922123052064751e-05	-1.074839e-04	1.695442e-01
1.924076177064751e-05	-1.074839e-04	1.695442e-01
1.926029302064751e-05	-1.074839e-04	1.695441e-01
1.927982427064750e-05	-1.074839e-04	1.695441e-01
1.929935552064750e-05	-1.074839e-04	1.695441e-01
1.931888677064750e-05	-1.074839e-04	1.695440e-01
1.933841802064750e-05	-1.074839e-04	1.695440e-01
1.935794927064750e-05	-1.074839e-04	1.695439e-01
1.937748052064750e-05	-1.074839e-04	1.695439e-01
1.939701177064750e-05	-1.074839e-04	1.695439e-01
1.941654302064750e-05	-1.074839e-04	1.695438e-01
1.943607427064750e-05	-1.074839e-04	1.695438e-01
1.945560552064750e-05	-1.074839e-04	1.695437e-01
1.947513677064750e-05	-1.074839e-04	1.695437e-01
1.949466802064750e-05	-1.074839e-04	1.695437e-01
1.951419927064750e-05	-1.074839e-04	1.695436e-01
1.953373052064749e-05	-1.074839e-04	1.695436e-01
1.955326177064749e-05	-1.074839e-04	1.695435e-01
1.957279302064749e-05	-1.074839e-04	1.695435e-01
1.959232427064749e-05	-1.074839e-04	1.695435e-01
1.961185552064749e-05	-1.074839e-04	1.695434e-01
1.963138677064749e-05	-1.074839e-04	1.695434e-01
1.965091802064749e-05	-1.074839e-04	1.695433e-01
1.967044927064749e-05	-1.074839e-04	1.695433e-01
1.968998052064749e-05	-1.074839e-04	1.695433e-01
1.970951177064749e-05	-1.074839e-04	1.695432e-01
1.972904302064749e-05	-1.074839e-04	1.695432e-01
1.974857427064749e-05	-1.074839e-04	1.695431e-01
1.976810552064748e-05	-1.074839e-04	1.695431e-01
1.978763677064748e-05	-1.074839e-04	1.695431e-01
1.980716802064748e-05	-1.074839e-04	1.695430e-01
1.982669927064748e-05	-1.074839e-04	1.695430e-01
1.984623052064748e-05	-1.074839e-04	1.695430e-01
1.986576177064748e-05	-1.074839e-04	1.695429e-01
1.988529302064748e-05	-1.074839e-04	1.695429e-01
1.990482427064748e-05	-1.074839e-04	1.695428e-01
1.992435552064748e-05	-1.074839e-04	1.695428e-01
1.994388677064748e-05	-1.074839e-04	1.695428e-01
1.996341802064748e-05	-1.074839e-04	1.695427e-01
1.998294927064748e-05	-1.074839e-04	1.695427e-01
1.998508061181654e-05	-1.074842e-04	1.695426e-01
1.998934329415467e-05	-1.074842e-04	1.695425e-01
1.999040896473920e-05	-1.074836e-04	1.695424e-01
1.999254030590827e-05	-1.074836e-04	1.695425e-01
1.999680298824640e-05	-1.074840e-04	1.695427e-01
2.000000000000000e-05	-1.074839e-04	1.695430e-01
