time	V(signal)	V(vout)
0.000000000000000e+00	-1.074840e-04	1.694567e-01
1.953124890551744e-13	-1.074840e-04	1.694567e-01
3.906249781103488e-13	-1.074840e-04	1.694567e-01
7.812499562206976e-13	-1.074840e-04	1.694567e-01
1.562499912441395e-12	-1.074840e-04	1.694567e-01
3.124999824882790e-12	-1.074840e-04	1.694567e-01
6.249999649765581e-12	-1.074840e-04	1.694567e-01
1.249999929953116e-11	-1.074840e-04	1.694567e-01
2.499999859906232e-11	-1.074840e-04	1.694567e-01
4.999999719812465e-11	-1.074840e-04	1.694567e-01
9.999999439624929e-11	-1.074840e-04	1.694567e-01
1.999999887924986e-10	-1.074840e-04	1.694567e-01
3.999999775849972e-10	-1.074840e-04	1.694567e-01
7.999999551699943e-10	-1.074840e-04	1.694567e-01
1.599999910339989e-09	-1.074840e-04	1.694566e-01
3.199999820679977e-09	-1.074840e-04	1.694563e-01
6.399999641359955e-09	-1.074840e-04	1.694556e-01
1.279999928271991e-08	-1.074840e-04	1.694542e-01
2.559999856543982e-08	-1.074840e-04	1.694523e-01
4.513124856543982e-08	-1.074840e-04	1.694500e-01
4.757265481543982e-08	-1.074840e-04	1.694497e-01
5.245546731543982e-08	-1.074840e-04	1.694487e-01
6.222109231543981e-08	-1.074840e-04	1.694467e-01
8.175234231543981e-08	-1.074840e-04	1.694438e-01
1.000000000000000e-07	-1.074840e-04	1.694415e-01
1.000010000000000e-07	-1.071970e-04	1.694415e-01
1.000170000000000e-07	-9.801376e-05	1.694415e-01
1.000175000000000e-07	-9.772678e-05	1.694415e-01
1.000185000000000e-07	-9.715283e-05	1.694415e-01
1.000205000000000e-07	-9.600492e-05	1.694415e-01
1.000210000000000e-07	-9.571794e-05	1.694415e-01
1.000245000000000e-07	-9.374463e-05	1.694415e-01
1.000314999999999e-07	-9.001108e-05	1.694415e-01
1.000454999999998e-07	-8.339624e-05	1.694415e-01
1.000734999999997e-07	-7.357565e-05	1.694415e-01
1.001200000000000e-07	-6.730876e-05	1.694415e-01
1.001499728171934e-07	-6.730945e-05	1.694415e-01
1.001862481170124e-07	-6.731028e-05	1.694415e-01
1.002274756136705e-07	-6.731122e-05	1.694415e-01
1.003099306069867e-07	-6.731311e-05	1.694415e-01
1.004748405936191e-07	-6.731688e-05	1.694415e-01
1.008046605668838e-07	-6.732442e-05	1.694414e-01
1.014643005134133e-07	-6.733950e-05	1.694414e-01
1.027835804064723e-07	-6.736966e-05	1.694415e-01
1.054221401925903e-07	-6.742993e-05	1.694418e-01
1.106992597648263e-07	-6.755030e-05	1.694429e-01
1.212534989092982e-07	-6.779033e-05	1.694452e-01
1.236949051592983e-07	-6.784569e-05	1.694459e-01
1.285777176592982e-07	-6.795632e-05	1.694474e-01
1.383433426592982e-07	-6.817697e-05	1.694512e-01
1.578745926592982e-07	-6.861582e-05	1.694637e-01
1.603159989092982e-07	-6.867042e-05	1.694657e-01
1.651988114092982e-07	-6.877951e-05	1.694696e-01
1.664195145342982e-07	-6.880674e-05	1.694705e-01
1.688609207842982e-07	-6.886119e-05	1.694724e-01
1.737437332842983e-07	-6.896992e-05	1.694760e-01
1.749644364092983e-07	-6.899705e-05	1.694769e-01
1.774058426592983e-07	-6.905131e-05	1.694786e-01
1.822886551592983e-07	-6.915967e-05	1.694821e-01
1.920542801592983e-07	-6.937576e-05	1.694895e-01
2.115855301592983e-07	-6.980537e-05	1.695084e-01
2.311167801592983e-07	-7.023154e-05	1.695307e-01
2.506480301592982e-07	-7.065424e-05	1.695545e-01
2.701792801592982e-07	-7.107343e-05	1.695799e-01
2.897105301592982e-07	-7.148908e-05	1.696066e-01
3.092417801592982e-07	-7.190117e-05	1.696342e-01
3.287730301592982e-07	-7.230968e-05	1.696625e-01
3.483042801592982e-07	-7.271458e-05	1.696913e-01
3.678355301592982e-07	-7.311586e-05	1.697204e-01
3.873667801592982e-07	-7.351350e-05	1.697495e-01
4.068980301592982e-07	-7.390749e-05	1.697787e-01
4.264292801592982e-07	-7.429782e-05	1.698076e-01
4.459605301592982e-07	-7.468449e-05	1.698363e-01
4.654917801592982e-07	-7.506750e-05	1.698646e-01
4.850230301592982e-07	-7.544683e-05	1.698923e-01
5.045542801592983e-07	-7.582249e-05	1.699196e-01
5.240855301592983e-07	-7.619448e-05	1.699461e-01
5.436167801592984e-07	-7.656281e-05	1.699720e-01
5.631480301592984e-07	-7.692748e-05	1.699971e-01
5.826792801592985e-07	-7.728850e-05	1.700214e-01
6.022105301592985e-07	-7.764586e-05	1.700448e-01
6.217417801592986e-07	-7.799960e-05	1.700674e-01
6.412730301592986e-07	-7.834971e-05	1.700892e-01
6.608042801592987e-07	-7.869621e-05	1.701100e-01
6.803355301592987e-07	-7.903911e-05	1.701299e-01
6.998667801592988e-07	-7.937843e-05	1.701489e-01
7.193980301592988e-07	-7.971418e-05	1.701670e-01
7.389292801592989e-07	-8.004637e-05	1.701842e-01
7.584605301592989e-07	-8.037504e-05	1.702004e-01
7.779917801592990e-07	-8.070019e-05	1.702157e-01
7.975230301592990e-07	-8.102184e-05	1.702301e-01
8.170542801592991e-07	-8.134003e-05	1.702436e-01
8.365855301592991e-07	-8.165475e-05	1.702562e-01
8.561167801592992e-07	-8.196604e-05	1.702680e-01
8.756480301592992e-07	-8.227392e-05	1.702788e-01
8.951792801592993e-07	-8.257842e-05	1.702888e-01
9.147105301592993e-07	-8.287955e-05	1.702980e-01
9.342417801592994e-07	-8.317734e-05	1.703064e-01
9.537730301592995e-07	-8.347182e-05	1.703140e-01
9.733042801592995e-07	-8.376301e-05	1.703208e-01
9.928355301592996e-07	-8.405092e-05	1.703269e-01
9.999999999999159e-07	-8.415572e-05	1.703289e-01
1.000059567863279e-06	-8.414943e-05	1.703289e-01
1.000178703590005e-06	-8.412250e-05	1.703290e-01
1.000416975043458e-06	-8.398266e-05	1.703290e-01
1.000891902837218e-06	-8.336202e-05	1.703292e-01
1.001841758424737e-06	-8.075512e-05	1.703295e-01
1.003741469599776e-06	-7.008318e-05	1.703303e-01
1.007540891949853e-06	-2.694127e-05	1.703322e-01
1.010000000000000e-06	1.645226e-05	1.703336e-01
1.013929987701581e-06	9.540001e-05	1.703363e-01
1.018111394480019e-06	1.791717e-04	1.703406e-01
1.024453634385348e-06	3.057899e-04	1.703523e-01
1.037138114196007e-06	5.574287e-04	1.704032e-01
1.056669364196007e-06	9.407694e-04	1.705783e-01
1.076200614196007e-06	1.319163e-03	1.709065e-01
1.095731864196007e-06	1.692679e-03	1.714282e-01
1.115263114196007e-06	2.061383e-03	1.721775e-01
1.134794364196007e-06	2.425342e-03	1.731832e-01
1.154325614196007e-06	2.784620e-03	1.744694e-01
1.173856864196007e-06	3.139281e-03	1.760559e-01
1.193388114196007e-06	3.489389e-03	1.779586e-01
1.212919364196007e-06	3.835005e-03	1.801901e-01
1.232450614196008e-06	4.176189e-03	1.827599e-01
1.251981864196008e-06	4.513002e-03	1.856749e-01
1.271513114196008e-06	4.845503e-03	1.889394e-01
1.291044364196008e-06	5.173749e-03	1.925558e-01
1.310575614196008e-06	5.497799e-03	1.965245e-01
1.330106864196008e-06	5.817707e-03	2.008442e-01
1.349638114196008e-06	6.133531e-03	2.055122e-01
1.369169364196008e-06	6.445323e-03	2.105245e-01
1.388700614196008e-06	6.753139e-03	2.158760e-01
1.408231864196008e-06	7.057031e-03	2.215606e-01
1.427763114196008e-06	7.357050e-03	2.275713e-01
1.447294364196008e-06	7.653249e-03	2.339004e-01
1.466825614196008e-06	7.945678e-03	2.405396e-01
1.486356864196008e-06	8.234387e-03	2.474802e-01
1.505888114196008e-06	8.519426e-03	2.547128e-01
1.525419364196008e-06	8.800842e-03	2.622278e-01
1.544950614196008e-06	9.078682e-03	2.700154e-01
1.564481864196008e-06	9.352995e-03	2.780654e-01
1.584013114196008e-06	9.623826e-03	2.863676e-01
1.603544364196008e-06	9.891222e-03	2.949115e-01
1.623075614196009e-06	1.015523e-02	3.036867e-01
1.642606864196009e-06	1.041588e-02	3.126827e-01
1.662138114196009e-06	1.067324e-02	3.218889e-01
1.681669364196009e-06	1.092734e-02	3.312951e-01
1.701200614196009e-06	1.117821e-02	3.408908e-01
1.720731864196009e-06	1.142592e-02	3.506657e-01
1.740263114196009e-06	1.167049e-02	3.606099e-01
1.759794364196009e-06	1.191196e-02	3.707131e-01
1.779325614196009e-06	1.215038e-02	3.809657e-01
1.798856864196009e-06	1.238579e-02	3.913579e-01
1.818388114196009e-06	1.261822e-02	4.018803e-01
1.837919364196009e-06	1.284772e-02	4.125236e-01
1.857450614196009e-06	1.307432e-02	4.232788e-01
1.876981864196009e-06	1.329806e-02	4.341371e-01
1.896513114196009e-06	1.351897e-02	4.450897e-01
1.916044364196009e-06	1.373710e-02	4.561284e-01
1.935575614196009e-06	1.395247e-02	4.672449e-01
1.955106864196009e-06	1.416513e-02	4.784314e-01
1.974638114196009e-06	1.437511e-02	4.896801e-01
1.994169364196010e-06	1.458244e-02	5.009837e-01
2.013700614196010e-06	1.478716e-02	5.123348e-01
2.033231864196010e-06	1.498929e-02	5.237266e-01
2.052763114196010e-06	1.518888e-02	5.351524e-01
2.072294364196010e-06	1.538596e-02	5.466055e-01
2.091825614196010e-06	1.558056e-02	5.580798e-01
2.111356864196010e-06	1.577270e-02	5.695693e-01
2.130888114196010e-06	1.596243e-02	5.810680e-01
2.150419364196010e-06	1.614977e-02	5.925705e-01
2.169950614196010e-06	1.633475e-02	6.040714e-01
2.189481864196010e-06	1.651741e-02	6.155656e-01
2.209013114196010e-06	1.669776e-02	6.270481e-01
2.228544364196010e-06	1.687586e-02	6.385142e-01
2.248075614196010e-06	1.705170e-02	6.499593e-01
2.267606864196010e-06	1.722534e-02	6.613793e-01
2.287138114196010e-06	1.739680e-02	6.727699e-01
2.306669364196010e-06	1.756610e-02	6.841273e-01
2.326200614196010e-06	1.773328e-02	6.954476e-01
2.345731864196010e-06	1.789835e-02	7.067274e-01
2.365263114196010e-06	1.806135e-02	7.179632e-01
2.384794364196011e-06	1.822230e-02	7.291518e-01
2.404325614196011e-06	1.838124e-02	7.402902e-01
2.423856864196011e-06	1.853817e-02	7.513754e-01
2.443388114196011e-06	1.869314e-02	7.624049e-01
2.462919364196011e-06	1.884616e-02	7.733759e-01
2.482450614196011e-06	1.899725e-02	7.842860e-01
2.501981864196011e-06	1.914646e-02	7.951329e-01
2.521513114196011e-06	1.929379e-02	8.059145e-01
2.541044364196011e-06	1.943927e-02	8.166287e-01
2.560575614196011e-06	1.958292e-02	8.272737e-01
2.580106864196011e-06	1.972477e-02	8.378476e-01
2.599638114196011e-06	1.986484e-02	8.483489e-01
2.619169364196011e-06	2.000316e-02	8.587759e-01
2.638700614196011e-06	2.013974e-02	8.691272e-01
2.658231864196011e-06	2.027461e-02	8.794015e-01
2.677763114196011e-06	2.040778e-02	8.895976e-01
2.697294364196011e-06	2.053929e-02	8.997144e-01
2.716825614196011e-06	2.066915e-02	9.097507e-01
2.736356864196011e-06	2.079738e-02	9.197057e-01
2.755888114196012e-06	2.092400e-02	9.295785e-01
2.775419364196012e-06	2.104903e-02	9.393684e-01
2.794950614196012e-06	2.117250e-02	9.490746e-01
2.814481864196012e-06	2.129442e-02	9.586965e-01
2.834013114196012e-06	2.141481e-02	9.682336e-01
2.853544364196012e-06	2.153369e-02	9.776855e-01
2.873075614196012e-06	2.165108e-02	9.870515e-01
2.892606864196012e-06	2.176701e-02	9.963316e-01
2.912138114196012e-06	2.188147e-02	1.005525e+00
2.931669364196012e-06	2.199451e-02	1.014633e+00
2.951200614196012e-06	2.210613e-02	1.023653e+00
2.970731864196012e-06	2.221635e-02	1.032587e+00
2.990263114196012e-06	2.232518e-02	1.041434e+00
3.009794364196012e-06	2.243266e-02	1.050193e+00
3.029325614196012e-06	2.253879e-02	1.058867e+00
3.048856864196012e-06	2.264359e-02	1.067453e+00
3.068388114196012e-06	2.274708e-02	1.075952e+00
3.087919364196012e-06	2.284927e-02	1.084365e+00
3.107450614196012e-06	2.295018e-02	1.092692e+00
3.126981864196012e-06	2.304983e-02	1.100932e+00
3.146513114196013e-06	2.314823e-02	1.109087e+00
3.166044364196013e-06	2.324539e-02	1.117156e+00
3.185575614196013e-06	2.334135e-02	1.125140e+00
3.205106864196013e-06	2.343610e-02	1.133039e+00
3.224638114196013e-06	2.352966e-02	1.140853e+00
3.244169364196013e-06	2.362205e-02	1.148583e+00
3.263700614196013e-06	2.371329e-02	1.156230e+00
3.283231864196013e-06	2.380338e-02	1.163793e+00
3.302763114196013e-06	2.389234e-02	1.171274e+00
3.322294364196013e-06	2.398019e-02	1.178672e+00
3.341825614196013e-06	2.406694e-02	1.185989e+00
3.361356864196013e-06	2.415261e-02	1.193224e+00
3.380888114196013e-06	2.423720e-02	1.200378e+00
3.400419364196013e-06	2.432074e-02	1.207452e+00
3.419950614196013e-06	2.440322e-02	1.214447e+00
3.439481864196013e-06	2.448468e-02	1.221363e+00
3.459013114196013e-06	2.456512e-02	1.228200e+00
3.478544364196013e-06	2.464455e-02	1.234959e+00
3.498075614196013e-06	2.472298e-02	1.241641e+00
3.517606864196013e-06	2.480044e-02	1.248246e+00
3.537138114196014e-06	2.487692e-02	1.254776e+00
3.556669364196014e-06	2.495245e-02	1.261230e+00
3.576200614196014e-06	2.502703e-02	1.267609e+00
3.595731864196014e-06	2.510068e-02	1.273914e+00
3.615263114196014e-06	2.517341e-02	1.280146e+00
3.634794364196014e-06	2.524523e-02	1.286305e+00
3.654325614196014e-06	2.531614e-02	1.292391e+00
3.673856864196014e-06	2.538617e-02	1.298407e+00
3.693388114196014e-06	2.545533e-02	1.304351e+00
3.712919364196014e-06	2.552362e-02	1.310226e+00
3.732450614196014e-06	2.559105e-02	1.316031e+00
3.751981864196014e-06	2.565764e-02	1.321767e+00
3.771513114196014e-06	2.572340e-02	1.327435e+00
3.791044364196014e-06	2.578834e-02	1.333035e+00
3.810575614196014e-06	2.585246e-02	1.338569e+00
3.830106864196014e-06	2.591578e-02	1.344037e+00
3.849638114196014e-06	2.597831e-02	1.349439e+00
3.869169364196014e-06	2.604005e-02	1.354777e+00
3.888700614196014e-06	2.610103e-02	1.360050e+00
3.908231864196014e-06	2.616124e-02	1.365260e+00
3.927763114196014e-06	2.622070e-02	1.370407e+00
3.947294364196014e-06	2.627941e-02	1.375493e+00
3.966825614196014e-06	2.633739e-02	1.380516e+00
3.986356864196014e-06	2.639464e-02	1.385479e+00
4.005888114196014e-06	2.645118e-02	1.390382e+00
4.025419364196014e-06	2.650701e-02	1.395225e+00
4.044950614196014e-06	2.656214e-02	1.400010e+00
4.064481864196015e-06	2.661658e-02	1.404736e+00
4.084013114196015e-06	2.667035e-02	1.409405e+00
4.103544364196015e-06	2.672344e-02	1.414017e+00
4.123075614196015e-06	2.677586e-02	1.418573e+00
4.142606864196015e-06	2.682763e-02	1.423073e+00
4.162138114196015e-06	2.687875e-02	1.427518e+00
4.181669364196015e-06	2.692923e-02	1.431908e+00
4.201200614196015e-06	2.697908e-02	1.436245e+00
4.220731864196015e-06	2.702831e-02	1.440529e+00
4.240263114196015e-06	2.707692e-02	1.444760e+00
4.259794364196015e-06	2.712492e-02	1.448939e+00
4.279325614196015e-06	2.717232e-02	1.453067e+00
4.298856864196015e-06	2.721913e-02	1.457144e+00
4.318388114196015e-06	2.726536e-02	1.461171e+00
4.337919364196015e-06	2.731100e-02	1.465149e+00
4.357450614196015e-06	2.735608e-02	1.469077e+00
4.376981864196015e-06	2.740059e-02	1.472957e+00
4.396513114196015e-06	2.744454e-02	1.476789e+00
4.416044364196015e-06	2.748795e-02	1.480574e+00
4.435575614196015e-06	2.753081e-02	1.484312e+00
4.455106864196016e-06	2.757313e-02	1.488004e+00
4.474638114196016e-06	2.761493e-02	1.491650e+00
4.494169364196016e-06	2.765620e-02	1.495251e+00
4.513700614196016e-06	2.769696e-02	1.498808e+00
4.533231864196016e-06	2.773721e-02	1.502320e+00
4.552763114196016e-06	2.777695e-02	1.505789e+00
4.572294364196016e-06	2.781620e-02	1.509215e+00
4.591825614196016e-06	2.785495e-02	1.512599e+00
4.611356864196016e-06	2.789323e-02	1.515940e+00
4.630888114196016e-06	2.793102e-02	1.519240e+00
4.650419364196016e-06	2.796834e-02	1.522500e+00
4.669950614196016e-06	2.800519e-02	1.525718e+00
4.689481864196016e-06	2.804158e-02	1.528897e+00
4.709013114196016e-06	2.807752e-02	1.532036e+00
4.728544364196016e-06	2.811301e-02	1.535137e+00
4.748075614196016e-06	2.814805e-02	1.538198e+00
4.767606864196016e-06	2.818266e-02	1.541222e+00
4.787138114196016e-06	2.821683e-02	1.544208e+00
4.806669364196016e-06	2.825058e-02	1.547157e+00
4.826200614196017e-06	2.828390e-02	1.550069e+00
4.845731864196017e-06	2.831681e-02	1.552945e+00
4.865263114196017e-06	2.834930e-02	1.555785e+00
4.884794364196017e-06	2.838139e-02	1.558590e+00
4.904325614196017e-06	2.841308e-02	1.561360e+00
4.923856864196017e-06	2.844437e-02	1.564095e+00
4.943388114196017e-06	2.847527e-02	1.566796e+00
4.962919364196017e-06	2.850578e-02	1.569464e+00
4.982450614196017e-06	2.853591e-02	1.572098e+00
5.001981864196017e-06	2.856567e-02	1.574700e+00
5.021513114196017e-06	2.859505e-02	1.577269e+00
5.041044364196017e-06	2.862407e-02	1.579806e+00
5.060575614196017e-06	2.865272e-02	1.582312e+00
5.080106864196017e-06	2.868101e-02	1.584786e+00
5.099638114196017e-06	2.870895e-02	1.587229e+00
5.119169364196017e-06	2.873654e-02	1.589642e+00
5.138700614196017e-06	2.876379e-02	1.592025e+00
5.158231864196017e-06	2.879069e-02	1.594378e+00
5.177763114196017e-06	2.881726e-02	1.596701e+00
5.197294364196017e-06	2.884350e-02	1.598996e+00
5.216825614196018e-06	2.886941e-02	1.601262e+00
5.236356864196018e-06	2.889499e-02	1.603500e+00
5.255888114196018e-06	2.892025e-02	1.605709e+00
5.275419364196018e-06	2.894520e-02	1.607891e+00
5.294950614196018e-06	2.896984e-02	1.610046e+00
5.314481864196018e-06	2.899417e-02	1.612174e+00
5.334013114196018e-06	2.901819e-02	1.614276e+00
5.353544364196018e-06	2.904191e-02	1.616351e+00
5.373075614196018e-06	2.906534e-02	1.618400e+00
5.392606864196018e-06	2.908847e-02	1.620424e+00
5.412138114196018e-06	2.911132e-02	1.622422e+00
5.431669364196018e-06	2.913388e-02	1.624396e+00
5.451200614196018e-06	2.915615e-02	1.626345e+00
5.470731864196018e-06	2.917815e-02	1.628269e+00
5.490263114196018e-06	2.919987e-02	1.630169e+00
5.509794364196018e-06	2.922133e-02	1.632046e+00
5.529325614196018e-06	2.924251e-02	1.633899e+00
5.548856864196018e-06	2.926343e-02	1.635729e+00
5.568388114196018e-06	2.928408e-02	1.637536e+00
5.587919364196019e-06	2.930448e-02	1.639321e+00
5.607450614196019e-06	2.932462e-02	1.641083e+00
5.626981864196019e-06	2.934452e-02	1.642823e+00
5.646513114196019e-06	2.936416e-02	1.644542e+00
5.666044364196019e-06	2.938356e-02	1.646239e+00
5.685575614196019e-06	2.940271e-02	1.647915e+00
5.705106864196019e-06	2.942162e-02	1.649570e+00
5.724638114196019e-06	2.944030e-02	1.651204e+00
5.744169364196019e-06	2.945875e-02	1.652817e+00
5.763700614196019e-06	2.947696e-02	1.654411e+00
5.783231864196019e-06	2.949495e-02	1.655985e+00
5.802763114196019e-06	2.951271e-02	1.657539e+00
5.822294364196019e-06	2.953025e-02	1.659073e+00
5.841825614196019e-06	2.954757e-02	1.660589e+00
5.861356864196019e-06	2.956467e-02	1.662085e+00
5.880888114196019e-06	2.958156e-02	1.663563e+00
5.900419364196019e-06	2.959824e-02	1.665022e+00
5.919950614196019e-06	2.961471e-02	1.666463e+00
5.939481864196019e-06	2.963097e-02	1.667886e+00
5.959013114196019e-06	2.964703e-02	1.669291e+00
5.978544364196020e-06	2.966289e-02	1.670679e+00
5.998075614196020e-06	2.967855e-02	1.672049e+00
6.017606864196020e-06	2.969402e-02	1.673402e+00
6.037138114196020e-06	2.970929e-02	1.674738e+00
6.056669364196020e-06	2.972437e-02	1.676058e+00
6.076200614196020e-06	2.973926e-02	1.677361e+00
6.095731864196020e-06	2.975397e-02	1.678648e+00
6.115263114196020e-06	2.976849e-02	1.679918e+00
6.134794364196020e-06	2.978283e-02	1.681173e+00
6.154325614196020e-06	2.979699e-02	1.682412e+00
6.173856864196020e-06	2.981097e-02	1.683636e+00
6.193388114196020e-06	2.982478e-02	1.684844e+00
6.212919364196020e-06	2.983842e-02	1.686037e+00
6.232450614196020e-06	2.985189e-02	1.687215e+00
6.251981864196020e-06	2.986518e-02	1.688379e+00
6.271513114196020e-06	2.987831e-02	1.689528e+00
6.291044364196020e-06	2.989128e-02	1.690662e+00
6.310575614196020e-06	2.990409e-02	1.691783e+00
6.330106864196020e-06	2.991673e-02	1.692889e+00
6.349638114196021e-06	2.992922e-02	1.693982e+00
6.369169364196021e-06	2.994155e-02	1.695060e+00
6.388700614196021e-06	2.995373e-02	1.696126e+00
6.408231864196021e-06	2.996575e-02	1.697178e+00
6.427763114196021e-06	2.997762e-02	1.698217e+00
6.447294364196021e-06	2.998935e-02	1.699243e+00
6.466825614196021e-06	3.000093e-02	1.700256e+00
6.486356864196021e-06	3.001236e-02	1.701256e+00
6.505888114196021e-06	3.002365e-02	1.702244e+00
6.525419364196021e-06	3.003480e-02	1.703220e+00
6.544950614196021e-06	3.004581e-02	1.704183e+00
6.564481864196021e-06	3.005668e-02	1.705135e+00
6.584013114196021e-06	3.006742e-02	1.706074e+00
6.603544364196021e-06	3.007802e-02	1.707002e+00
6.623075614196021e-06	3.008849e-02	1.707918e+00
6.642606864196021e-06	3.009883e-02	1.708823e+00
6.662138114196021e-06	3.010904e-02	1.709716e+00
6.681669364196021e-06	3.011912e-02	1.710598e+00
6.701200614196021e-06	3.012908e-02	1.711469e+00
6.720731864196021e-06	3.013891e-02	1.712329e+00
6.740263114196022e-06	3.014862e-02	1.713179e+00
6.759794364196022e-06	3.015820e-02	1.714018e+00
6.779325614196022e-06	3.016767e-02	1.714846e+00
6.798856864196022e-06	3.017702e-02	1.715664e+00
6.818388114196022e-06	3.018625e-02	1.716472e+00
6.837919364196022e-06	3.019537e-02	1.717270e+00
6.857450614196022e-06	3.020437e-02	1.718057e+00
6.876981864196022e-06	3.021326e-02	1.718835e+00
6.896513114196022e-06	3.022204e-02	1.719603e+00
6.916044364196022e-06	3.023071e-02	1.720362e+00
6.935575614196022e-06	3.023927e-02	1.721111e+00
6.955106864196022e-06	3.024772e-02	1.721851e+00
6.974638114196022e-06	3.025607e-02	1.722581e+00
6.994169364196022e-06	3.026431e-02	1.723302e+00
7.013700614196022e-06	3.027245e-02	1.724015e+00
7.033231864196022e-06	3.028049e-02	1.724718e+00
7.052763114196022e-06	3.028843e-02	1.725413e+00
7.072294364196022e-06	3.029626e-02	1.726099e+00
7.091825614196022e-06	3.030401e-02	1.726776e+00
7.111356864196023e-06	3.031165e-02	1.727445e+00
7.130888114196023e-06	3.031920e-02	1.728105e+00
7.150419364196023e-06	3.032665e-02	1.728757e+00
7.169950614196023e-06	3.033401e-02	1.729401e+00
7.189481864196023e-06	3.034128e-02	1.730038e+00
7.209013114196023e-06	3.034846e-02	1.730666e+00
7.228544364196023e-06	3.035554e-02	1.731286e+00
7.248075614196023e-06	3.036254e-02	1.731898e+00
7.267606864196023e-06	3.036945e-02	1.732503e+00
7.287138114196023e-06	3.037628e-02	1.733100e+00
7.306669364196023e-06	3.038302e-02	1.733690e+00
7.326200614196023e-06	3.038968e-02	1.734273e+00
7.345731864196023e-06	3.039625e-02	1.734848e+00
7.365263114196023e-06	3.040274e-02	1.735416e+00
7.384794364196023e-06	3.040915e-02	1.735976e+00
7.404325614196023e-06	3.041548e-02	1.736530e+00
7.423856864196023e-06	3.042173e-02	1.737077e+00
7.443388114196023e-06	3.042790e-02	1.737617e+00
7.462919364196023e-06	3.043399e-02	1.738151e+00
7.482450614196023e-06	3.044001e-02	1.738677e+00
7.501981864196024e-06	3.044595e-02	1.739197e+00
7.521513114196024e-06	3.045182e-02	1.739711e+00
7.541044364196024e-06	3.045762e-02	1.740218e+00
7.560575614196024e-06	3.046334e-02	1.740719e+00
7.580106864196024e-06	3.046899e-02	1.741213e+00
7.599638114196024e-06	3.047457e-02	1.741702e+00
7.619169364196024e-06	3.048008e-02	1.742184e+00
7.638700614196023e-06	3.048552e-02	1.742660e+00
7.658231864196022e-06	3.049090e-02	1.743130e+00
7.677763114196021e-06	3.049620e-02	1.743595e+00
7.697294364196021e-06	3.050144e-02	1.744053e+00
7.716825614196020e-06	3.050662e-02	1.744506e+00
7.736356864196019e-06	3.051173e-02	1.744954e+00
7.755888114196018e-06	3.051678e-02	1.745395e+00
7.775419364196017e-06	3.052176e-02	1.745831e+00
7.794950614196017e-06	3.052668e-02	1.746262e+00
7.814481864196016e-06	3.053154e-02	1.746687e+00
7.834013114196015e-06	3.053633e-02	1.747107e+00
7.853544364196014e-06	3.054107e-02	1.747522e+00
7.873075614196013e-06	3.054575e-02	1.747931e+00
7.892606864196013e-06	3.055037e-02	1.748336e+00
7.912138114196012e-06	3.055494e-02	1.748735e+00
7.931669364196011e-06	3.055944e-02	1.749129e+00
7.951200614196010e-06	3.056389e-02	1.749519e+00
7.970731864196010e-06	3.056828e-02	1.749903e+00
7.990263114196009e-06	3.057262e-02	1.750283e+00
8.009794364196008e-06	3.057691e-02	1.750658e+00
8.029325614196007e-06	3.058114e-02	1.751028e+00
8.048856864196006e-06	3.058532e-02	1.751394e+00
8.068388114196006e-06	3.058944e-02	1.751755e+00
8.087919364196005e-06	3.059352e-02	1.752112e+00
8.107450614196004e-06	3.059754e-02	1.752464e+00
8.126981864196003e-06	3.060151e-02	1.752811e+00
8.146513114196002e-06	3.060544e-02	1.753155e+00
8.166044364196002e-06	3.060931e-02	1.753494e+00
8.185575614196001e-06	3.061314e-02	1.753829e+00
8.205106864196000e-06	3.061691e-02	1.754159e+00
8.224638114195999e-06	3.062065e-02	1.754486e+00
8.244169364195998e-06	3.062433e-02	1.754808e+00
8.263700614195998e-06	3.062797e-02	1.755127e+00
8.283231864195997e-06	3.063156e-02	1.755441e+00
8.302763114195996e-06	3.063511e-02	1.755752e+00
8.322294364195995e-06	3.063861e-02	1.756058e+00
8.341825614195994e-06	3.064207e-02	1.756361e+00
8.361356864195994e-06	3.064549e-02	1.756660e+00
8.380888114195993e-06	3.064886e-02	1.756956e+00
8.400419364195992e-06	3.065219e-02	1.757247e+00
8.419950614195991e-06	3.065548e-02	1.757535e+00
8.439481864195990e-06	3.065873e-02	1.757819e+00
8.459013114195990e-06	3.066194e-02	1.758100e+00
8.478544364195989e-06	3.066510e-02	1.758377e+00
8.498075614195988e-06	3.066823e-02	1.758651e+00
8.517606864195987e-06	3.067132e-02	1.758922e+00
8.537138114195986e-06	3.067437e-02	1.759189e+00
8.556669364195986e-06	3.067738e-02	1.759452e+00
8.576200614195985e-06	3.068036e-02	1.759713e+00
8.595731864195984e-06	3.068330e-02	1.759970e+00
8.615263114195983e-06	3.068620e-02	1.760224e+00
8.634794364195982e-06	3.068906e-02	1.760474e+00
8.654325614195982e-06	3.069189e-02	1.760722e+00
8.673856864195981e-06	3.069468e-02	1.760967e+00
8.693388114195980e-06	3.069744e-02	1.761208e+00
8.712919364195979e-06	3.070016e-02	1.761446e+00
8.732450614195978e-06	3.070285e-02	1.761682e+00
8.751981864195978e-06	3.070551e-02	1.761914e+00
8.771513114195977e-06	3.070813e-02	1.762144e+00
8.791044364195976e-06	3.071072e-02	1.762371e+00
8.810575614195975e-06	3.071328e-02	1.762595e+00
8.830106864195974e-06	3.071580e-02	1.762816e+00
8.849638114195974e-06	3.071830e-02	1.763034e+00
8.869169364195973e-06	3.072076e-02	1.763250e+00
8.888700614195972e-06	3.072319e-02	1.763463e+00
8.908231864195971e-06	3.072559e-02	1.763673e+00
8.927763114195971e-06	3.072797e-02	1.763881e+00
8.947294364195970e-06	3.073031e-02	1.764086e+00
8.966825614195969e-06	3.073262e-02	1.764288e+00
8.986356864195968e-06	3.073491e-02	1.764488e+00
9.005888114195967e-06	3.073716e-02	1.764686e+00
9.025419364195967e-06	3.073939e-02	1.764881e+00
9.044950614195966e-06	3.074159e-02	1.765073e+00
9.064481864195965e-06	3.074376e-02	1.765263e+00
9.084013114195964e-06	3.074590e-02	1.765451e+00
9.103544364195963e-06	3.074802e-02	1.765636e+00
9.123075614195963e-06	3.075011e-02	1.765819e+00
9.142606864195962e-06	3.075218e-02	1.766000e+00
9.162138114195961e-06	3.075422e-02	1.766179e+00
9.181669364195960e-06	3.075623e-02	1.766355e+00
9.201200614195959e-06	3.075822e-02	1.766529e+00
9.220731864195959e-06	3.076018e-02	1.766701e+00
9.240263114195958e-06	3.076212e-02	1.766871e+00
9.259794364195957e-06	3.076404e-02	1.767039e+00
9.279325614195956e-06	3.076593e-02	1.767204e+00
9.298856864195955e-06	3.076779e-02	1.767368e+00
9.318388114195955e-06	3.076964e-02	1.767529e+00
9.337919364195954e-06	3.077146e-02	1.767689e+00
9.357450614195953e-06	3.077326e-02	1.767846e+00
9.376981864195952e-06	3.077503e-02	1.768002e+00
9.396513114195951e-06	3.077679e-02	1.768155e+00
9.416044364195951e-06	3.077852e-02	1.768307e+00
9.435575614195950e-06	3.078023e-02	1.768457e+00
9.455106864195949e-06	3.078192e-02	1.768605e+00
9.474638114195948e-06	3.078358e-02	1.768750e+00
9.494169364195947e-06	3.078523e-02	1.768895e+00
9.513700614195947e-06	3.078686e-02	1.769037e+00
9.533231864195946e-06	3.078846e-02	1.769178e+00
9.552763114195945e-06	3.079005e-02	1.769317e+00
9.572294364195944e-06	3.079161e-02	1.769454e+00
9.591825614195943e-06	3.079316e-02	1.769589e+00
9.611356864195943e-06	3.079468e-02	1.769723e+00
9.630888114195942e-06	3.079619e-02	1.769855e+00
9.650419364195941e-06	3.079768e-02	1.769985e+00
9.669950614195940e-06	3.079915e-02	1.770114e+00
9.689481864195939e-06	3.080060e-02	1.770241e+00
9.709013114195939e-06	3.080204e-02	1.770367e+00
9.728544364195938e-06	3.080345e-02	1.770491e+00
9.748075614195937e-06	3.080485e-02	1.770613e+00
9.767606864195936e-06	3.080623e-02	1.770734e+00
9.787138114195935e-06	3.080759e-02	1.770854e+00
9.806669364195935e-06	3.080894e-02	1.770972e+00
9.826200614195934e-06	3.081027e-02	1.771088e+00
9.845731864195933e-06	3.081158e-02	1.771203e+00
9.865263114195932e-06	3.081288e-02	1.771317e+00
9.884794364195932e-06	3.081416e-02	1.771429e+00
9.904325614195931e-06	3.081542e-02	1.771539e+00
9.923856864195930e-06	3.081667e-02	1.771649e+00
9.943388114195929e-06	3.081790e-02	1.771757e+00
9.962919364195928e-06	3.081912e-02	1.771863e+00
9.982450614195928e-06	3.082032e-02	1.771969e+00
1.000198186419593e-05	3.082151e-02	1.772073e+00
1.002151311419593e-05	3.082268e-02	1.772175e+00
1.004104436419593e-05	3.082384e-02	1.772277e+00
1.006057561419592e-05	3.082498e-02	1.772377e+00
1.008010686419592e-05	3.082611e-02	1.772476e+00
1.009963811419592e-05	3.082722e-02	1.772574e+00
1.011916936419592e-05	3.082833e-02	1.772670e+00
1.013870061419592e-05	3.082941e-02	1.772765e+00
1.015823186419592e-05	3.083049e-02	1.772859e+00
1.017776311419592e-05	3.083155e-02	1.772952e+00
1.019729436419592e-05	3.083259e-02	1.773044e+00
1.021682561419592e-05	3.083363e-02	1.773134e+00
1.023635686419592e-05	3.083465e-02	1.773224e+00
1.025588811419592e-05	3.083565e-02	1.773312e+00
1.027541936419592e-05	3.083665e-02	1.773399e+00
1.029495061419591e-05	3.083763e-02	1.773486e+00
1.031448186419591e-05	3.083860e-02	1.773571e+00
1.033401311419591e-05	3.083956e-02	1.773655e+00
1.035354436419591e-05	3.084051e-02	1.773738e+00
1.037307561419591e-05	3.084144e-02	1.773819e+00
1.039260686419591e-05	3.084237e-02	1.773900e+00
1.041213811419591e-05	3.084328e-02	1.773980e+00
1.043166936419591e-05	3.084418e-02	1.774059e+00
1.045120061419591e-05	3.084507e-02	1.774137e+00
1.047073186419591e-05	3.084594e-02	1.774214e+00
1.049026311419591e-05	3.084681e-02	1.774290e+00
1.050979436419591e-05	3.084766e-02	1.774365e+00
1.052932561419591e-05	3.084851e-02	1.774439e+00
1.054885686419590e-05	3.084935e-02	1.774512e+00
1.056838811419590e-05	3.085017e-02	1.774584e+00
1.058791936419590e-05	3.085098e-02	1.774656e+00
1.060745061419590e-05	3.085179e-02	1.774726e+00
1.062698186419590e-05	3.085258e-02	1.774796e+00
1.064651311419590e-05	3.085336e-02	1.774864e+00
1.066604436419590e-05	3.085414e-02	1.774932e+00
1.068557561419590e-05	3.085490e-02	1.774999e+00
1.070510686419590e-05	3.085566e-02	1.775066e+00
1.072463811419590e-05	3.085640e-02	1.775131e+00
1.074416936419590e-05	3.085714e-02	1.775195e+00
1.076370061419590e-05	3.085786e-02	1.775259e+00
1.078323186419589e-05	3.085858e-02	1.775322e+00
1.080276311419589e-05	3.085929e-02	1.775384e+00
1.082229436419589e-05	3.085999e-02	1.775445e+00
1.084182561419589e-05	3.086068e-02	1.775506e+00
1.086135686419589e-05	3.086136e-02	1.775566e+00
1.088088811419589e-05	3.086204e-02	1.775625e+00
1.090041936419589e-05	3.086270e-02	1.775683e+00
1.091995061419589e-05	3.086336e-02	1.775741e+00
1.093948186419589e-05	3.086401e-02	1.775798e+00
1.095901311419589e-05	3.086465e-02	1.775854e+00
1.097854436419589e-05	3.086528e-02	1.775910e+00
1.099807561419589e-05	3.086591e-02	1.775964e+00
1.101000000000000e-05	3.086628e-02	1.775998e+00
1.101582178275027e-05	3.083231e-02	1.776014e+00
1.102000000000000e-05	3.076587e-02	1.776025e+00
1.102396452151616e-05	3.068630e-02	1.776035e+00
1.102911056414149e-05	3.058332e-02	1.776045e+00
1.103465229784953e-05	3.047282e-02	1.776052e+00
1.104573576526559e-05	3.025304e-02	1.776045e+00
1.106526701526559e-05	2.986966e-02	1.775943e+00
1.108479826526559e-05	2.949123e-02	1.775689e+00
1.110432951526559e-05	2.911768e-02	1.775241e+00
1.112386076526559e-05	2.874894e-02	1.774567e+00
1.114339201526559e-05	2.838494e-02	1.773636e+00
1.116292326526558e-05	2.802563e-02	1.772425e+00
1.118245451526558e-05	2.767093e-02	1.770912e+00
1.120198576526558e-05	2.732079e-02	1.769083e+00
1.122151701526558e-05	2.697515e-02	1.766925e+00
1.124104826526558e-05	2.663393e-02	1.764427e+00
1.126057951526558e-05	2.629708e-02	1.761583e+00
1.128011076526558e-05	2.596455e-02	1.758388e+00
1.129964201526558e-05	2.563627e-02	1.754840e+00
1.131917326526558e-05	2.531219e-02	1.750939e+00
1.133870451526558e-05	2.499226e-02	1.746685e+00
1.135823576526558e-05	2.467640e-02	1.742081e+00
1.137776701526558e-05	2.436458e-02	1.737132e+00
1.139729826526558e-05	2.405674e-02	1.731842e+00
1.141682951526557e-05	2.375282e-02	1.726218e+00
1.143636076526557e-05	2.345277e-02	1.720266e+00
1.145589201526557e-05	2.315654e-02	1.713994e+00
1.147542326526557e-05	2.286409e-02	1.707411e+00
1.149495451526557e-05	2.257535e-02	1.700524e+00
1.151448576526557e-05	2.229029e-02	1.693344e+00
1.153401701526557e-05	2.200885e-02	1.685880e+00
1.155354826526557e-05	2.173098e-02	1.678142e+00
1.157307951526557e-05	2.145664e-02	1.670141e+00
1.159261076526557e-05	2.118579e-02	1.661885e+00
1.161214201526557e-05	2.091837e-02	1.653387e+00
1.163167326526557e-05	2.065434e-02	1.644655e+00
1.165120451526557e-05	2.039366e-02	1.635702e+00
1.167073576526556e-05	2.013628e-02	1.626537e+00
1.169026701526556e-05	1.988216e-02	1.617170e+00
1.170979826526556e-05	1.963126e-02	1.607613e+00
1.172932951526556e-05	1.938353e-02	1.597875e+00
1.174886076526556e-05	1.913894e-02	1.587967e+00
1.176839201526556e-05	1.889745e-02	1.577898e+00
1.178792326526556e-05	1.865900e-02	1.567679e+00
1.180745451526556e-05	1.842357e-02	1.557319e+00
1.182698576526556e-05	1.819112e-02	1.546828e+00
1.184651701526556e-05	1.796160e-02	1.536214e+00
1.186604826526556e-05	1.773498e-02	1.525488e+00
1.188557951526556e-05	1.751122e-02	1.514658e+00
1.190511076526555e-05	1.729029e-02	1.503732e+00
1.192464201526555e-05	1.707214e-02	1.492719e+00
1.194417326526555e-05	1.685675e-02	1.481627e+00
1.196370451526555e-05	1.664407e-02	1.470465e+00
1.198323576526555e-05	1.643408e-02	1.459239e+00
1.200276701526555e-05	1.622673e-02	1.447957e+00
1.202229826526555e-05	1.602199e-02	1.436627e+00
1.204182951526555e-05	1.581984e-02	1.425256e+00
1.206136076526555e-05	1.562023e-02	1.413850e+00
1.208089201526555e-05	1.542314e-02	1.402415e+00
1.210042326526555e-05	1.522852e-02	1.390959e+00
1.211995451526555e-05	1.503636e-02	1.379487e+00
1.213948576526555e-05	1.484662e-02	1.368005e+00
1.215901701526554e-05	1.465926e-02	1.356518e+00
1.217854826526554e-05	1.447426e-02	1.345033e+00
1.219807951526554e-05	1.429159e-02	1.333553e+00
1.221761076526554e-05	1.411122e-02	1.322085e+00
1.223714201526554e-05	1.393311e-02	1.310632e+00
1.225667326526554e-05	1.375725e-02	1.299200e+00
1.227620451526554e-05	1.358359e-02	1.287792e+00
1.229573576526554e-05	1.341212e-02	1.276413e+00
1.231526701526554e-05	1.324280e-02	1.265067e+00
1.233479826526554e-05	1.307561e-02	1.253757e+00
1.235432951526554e-05	1.291053e-02	1.242488e+00
1.237386076526554e-05	1.274751e-02	1.231262e+00
1.239339201526553e-05	1.258655e-02	1.220083e+00
1.241292326526553e-05	1.242760e-02	1.208953e+00
1.243245451526553e-05	1.227065e-02	1.197877e+00
1.245198576526553e-05	1.211567e-02	1.186856e+00
1.247151701526553e-05	1.196264e-02	1.175892e+00
1.249104826526553e-05	1.181153e-02	1.164990e+00
1.251057951526553e-05	1.166231e-02	1.154150e+00
1.253011076526553e-05	1.151497e-02	1.143375e+00
1.254964201526553e-05	1.136948e-02	1.132667e+00
1.256917326526553e-05	1.122581e-02	1.122029e+00
1.258870451526553e-05	1.108395e-02	1.111461e+00
1.260823576526553e-05	1.094386e-02	1.100965e+00
1.262776701526553e-05	1.080554e-02	1.090543e+00
1.264729826526552e-05	1.066894e-02	1.080197e+00
1.266682951526552e-05	1.053406e-02	1.069927e+00
1.268636076526552e-05	1.040088e-02	1.059736e+00
1.270589201526552e-05	1.026936e-02	1.049624e+00
1.272542326526552e-05	1.013949e-02	1.039591e+00
1.274495451526552e-05	1.001125e-02	1.029640e+00
1.276448576526552e-05	9.884617e-03	1.019771e+00
1.278401701526552e-05	9.759572e-03	1.009985e+00
1.280354826526552e-05	9.636095e-03	1.000282e+00
1.282307951526552e-05	9.514165e-03	9.906633e-01
1.284261076526552e-05	9.393764e-03	9.811292e-01
1.286214201526552e-05	9.274871e-03	9.716803e-01
1.288167326526551e-05	9.157469e-03	9.623169e-01
1.290120451526551e-05	9.041538e-03	9.530393e-01
1.292073576526551e-05	8.927059e-03	9.438480e-01
1.294026701526551e-05	8.814015e-03	9.347430e-01
1.295979826526551e-05	8.702387e-03	9.257247e-01
1.297932951526551e-05	8.592158e-03	9.167931e-01
1.299886076526551e-05	8.483309e-03	9.079483e-01
1.301839201526551e-05	8.375824e-03	8.991902e-01
1.303792326526551e-05	8.269686e-03	8.905189e-01
1.305745451526551e-05	8.164877e-03	8.819343e-01
1.307698576526551e-05	8.061381e-03	8.734363e-01
1.309651701526551e-05	7.959181e-03	8.650248e-01
1.311604826526551e-05	7.858261e-03	8.566995e-01
1.313557951526550e-05	7.758604e-03	8.484603e-01
1.315511076526550e-05	7.660196e-03	8.403068e-01
1.317464201526550e-05	7.563021e-03	8.322388e-01
1.319417326526550e-05	7.467061e-03	8.242560e-01
1.321370451526550e-05	7.372304e-03	8.163580e-01
1.323323576526550e-05	7.278733e-03	8.085445e-01
1.325276701526550e-05	7.186333e-03	8.008151e-01
1.327229826526550e-05	7.095091e-03	7.931693e-01
1.329182951526550e-05	7.004990e-03	7.856067e-01
1.331136076526550e-05	6.916018e-03	7.781268e-01
1.333089201526550e-05	6.828160e-03	7.707292e-01
1.335042326526550e-05	6.741401e-03	7.634133e-01
1.336995451526550e-05	6.655728e-03	7.561787e-01
1.338948576526549e-05	6.571128e-03	7.490247e-01
1.340901701526549e-05	6.487587e-03	7.419509e-01
1.342854826526549e-05	6.405091e-03	7.349567e-01
1.344807951526549e-05	6.323628e-03	7.280415e-01
1.346761076526549e-05	6.243185e-03	7.212048e-01
1.348714201526549e-05	6.163748e-03	7.144458e-01
1.350667326526549e-05	6.085306e-03	7.077641e-01
1.352620451526549e-05	6.007846e-03	7.011589e-01
1.354573576526549e-05	5.931354e-03	6.946298e-01
1.356526701526549e-05	5.855820e-03	6.881760e-01
1.358479826526549e-05	5.781231e-03	6.817970e-01
1.360432951526549e-05	5.707576e-03	6.754920e-01
1.362386076526548e-05	5.634843e-03	6.692604e-01
1.364339201526548e-05	5.563020e-03	6.631016e-01
1.366292326526548e-05	5.492095e-03	6.570148e-01
1.368245451526548e-05	5.422058e-03	6.509996e-01
1.370198576526548e-05	5.352897e-03	6.450551e-01
1.372151701526548e-05	5.284602e-03	6.391807e-01
1.374104826526548e-05	5.217161e-03	6.333758e-01
1.376057951526548e-05	5.150564e-03	6.276397e-01
1.378011076526548e-05	5.084801e-03	6.219716e-01
1.379964201526548e-05	5.019859e-03	6.163710e-01
1.381917326526548e-05	4.955731e-03	6.108372e-01
1.383870451526548e-05	4.892405e-03	6.053694e-01
1.385823576526548e-05	4.829871e-03	5.999671e-01
1.387776701526547e-05	4.768120e-03	5.946295e-01
1.389729826526547e-05	4.707141e-03	5.893559e-01
1.391682951526547e-05	4.646926e-03	5.841458e-01
1.393636076526547e-05	4.587463e-03	5.789985e-01
1.395589201526547e-05	4.528745e-03	5.739133e-01
1.397542326526547e-05	4.470760e-03	5.688894e-01
1.399495451526547e-05	4.413502e-03	5.639264e-01
1.401448576526547e-05	4.356959e-03	5.590235e-01
1.403401701526547e-05	4.301125e-03	5.541800e-01
1.405354826526547e-05	4.245988e-03	5.493954e-01
1.407307951526547e-05	4.191542e-03	5.446689e-01
1.409261076526547e-05	4.137776e-03	5.399999e-01
1.411214201526546e-05	4.084683e-03	5.353879e-01
1.413167326526546e-05	4.032254e-03	5.308321e-01
1.415120451526546e-05	3.980481e-03	5.263319e-01
1.417073576526546e-05	3.929355e-03	5.218867e-01
1.419026701526546e-05	3.878869e-03	5.174959e-01
1.420979826526546e-05	3.829015e-03	5.131589e-01
1.422932951526546e-05	3.779784e-03	5.088751e-01
1.424886076526546e-05	3.731169e-03	5.046437e-01
1.426839201526546e-05	3.683162e-03	5.004644e-01
1.428792326526546e-05	3.635756e-03	4.963363e-01
1.430745451526546e-05	3.588942e-03	4.922591e-01
1.432698576526546e-05	3.542715e-03	4.882319e-01
1.434651701526546e-05	3.497065e-03	4.842544e-01
1.436604826526545e-05	3.451986e-03	4.803259e-01
1.438557951526545e-05	3.407471e-03	4.764458e-01
1.440511076526545e-05	3.363513e-03	4.726135e-01
1.442464201526545e-05	3.320105e-03	4.688286e-01
1.444417326526545e-05	3.277240e-03	4.650904e-01
1.446370451526545e-05	3.234911e-03	4.613984e-01
1.448323576526545e-05	3.193111e-03	4.577520e-01
1.450276701526545e-05	3.151834e-03	4.541508e-01
1.452229826526545e-05	3.111074e-03	4.505941e-01
1.454182951526545e-05	3.070823e-03	4.470814e-01
1.456136076526545e-05	3.031075e-03	4.436123e-01
1.458089201526545e-05	2.991825e-03	4.401861e-01
1.460042326526544e-05	2.953066e-03	4.368024e-01
1.461995451526544e-05	2.914791e-03	4.334607e-01
1.463948576526544e-05	2.876995e-03	4.301604e-01
1.465901701526544e-05	2.839672e-03	4.269011e-01
1.467854826526544e-05	2.802816e-03	4.236823e-01
1.469807951526544e-05	2.766421e-03	4.205034e-01
1.471761076526544e-05	2.730480e-03	4.173640e-01
1.473714201526544e-05	2.694990e-03	4.142636e-01
1.475667326526544e-05	2.659943e-03	4.112018e-01
1.477620451526544e-05	2.625334e-03	4.081780e-01
1.479573576526544e-05	2.591159e-03	4.051918e-01
1.481526701526544e-05	2.557411e-03	4.022428e-01
1.483479826526544e-05	2.524084e-03	3.993305e-01
1.485432951526543e-05	2.491175e-03	3.964544e-01
1.487386076526543e-05	2.458677e-03	3.936141e-01
1.489339201526543e-05	2.426586e-03	3.908092e-01
1.491292326526543e-05	2.394896e-03	3.880393e-01
1.493245451526543e-05	2.363602e-03	3.853038e-01
1.495198576526543e-05	2.332700e-03	3.826024e-01
1.497151701526543e-05	2.302184e-03	3.799347e-01
1.499104826526543e-05	2.272050e-03	3.773002e-01
1.501057951526543e-05	2.242293e-03	3.746985e-01
1.503011076526543e-05	2.212907e-03	3.721294e-01
1.504964201526543e-05	2.183890e-03	3.695922e-01
1.506917326526543e-05	2.155235e-03	3.670866e-01
1.508870451526542e-05	2.126939e-03	3.646124e-01
1.510823576526542e-05	2.098996e-03	3.621689e-01
1.512776701526542e-05	2.071403e-03	3.597560e-01
1.514729826526542e-05	2.044155e-03	3.573732e-01
1.516682951526542e-05	2.017248e-03	3.550201e-01
1.518636076526542e-05	1.990677e-03	3.526964e-01
1.520589201526542e-05	1.964439e-03	3.504017e-01
1.522542326526542e-05	1.938528e-03	3.481356e-01
1.524495451526542e-05	1.912942e-03	3.458978e-01
1.526448576526542e-05	1.887676e-03	3.436880e-01
1.528401701526542e-05	1.862725e-03	3.415057e-01
1.530354826526542e-05	1.838087e-03	3.393507e-01
1.532307951526542e-05	1.813757e-03	3.372226e-01
1.534261076526542e-05	1.789731e-03	3.351211e-01
1.536214201526542e-05	1.766006e-03	3.330458e-01
1.538167326526541e-05	1.742577e-03	3.309965e-01
1.540120451526541e-05	1.719441e-03	3.289728e-01
1.542073576526541e-05	1.696595e-03	3.269743e-01
1.544026701526541e-05	1.674034e-03	3.250008e-01
1.545979826526541e-05	1.651756e-03	3.230520e-01
1.547932951526541e-05	1.629756e-03	3.211275e-01
1.549886076526541e-05	1.608031e-03	3.192270e-01
1.551839201526541e-05	1.586578e-03	3.173504e-01
1.553792326526541e-05	1.565393e-03	3.154971e-01
1.555745451526541e-05	1.544473e-03	3.136670e-01
1.557698576526541e-05	1.523815e-03	3.118598e-01
1.559651701526541e-05	1.503415e-03	3.100752e-01
1.561604826526541e-05	1.483270e-03	3.083129e-01
1.563557951526540e-05	1.463377e-03	3.065726e-01
1.565511076526540e-05	1.443733e-03	3.048541e-01
1.567464201526540e-05	1.424335e-03	3.031570e-01
1.569417326526540e-05	1.405179e-03	3.014812e-01
1.571370451526540e-05	1.386262e-03	2.998263e-01
1.573323576526540e-05	1.367583e-03	2.981921e-01
1.575276701526540e-05	1.349136e-03	2.965783e-01
1.577229826526540e-05	1.330921e-03	2.949847e-01
1.579182951526540e-05	1.312933e-03	2.934110e-01
1.581136076526540e-05	1.295171e-03	2.918570e-01
1.583089201526540e-05	1.277630e-03	2.903224e-01
1.585042326526540e-05	1.260309e-03	2.888070e-01
1.586995451526539e-05	1.243204e-03	2.873105e-01
1.588948576526539e-05	1.226313e-03	2.858328e-01
1.590901701526539e-05	1.209634e-03	2.843735e-01
1.592854826526539e-05	1.193163e-03	2.829325e-01
1.594807951526539e-05	1.176898e-03	2.815095e-01
1.596761076526539e-05	1.160836e-03	2.801043e-01
1.598714201526539e-05	1.144976e-03	2.787167e-01
1.600667326526539e-05	1.129313e-03	2.773464e-01
1.602620451526539e-05	1.113847e-03	2.759932e-01
1.604573576526539e-05	1.098574e-03	2.746570e-01
1.606526701526539e-05	1.083492e-03	2.733375e-01
1.608479826526539e-05	1.068598e-03	2.720344e-01
1.610432951526539e-05	1.053891e-03	2.707477e-01
1.612386076526538e-05	1.039368e-03	2.694770e-01
1.614339201526538e-05	1.025026e-03	2.682223e-01
1.616292326526538e-05	1.010864e-03	2.669832e-01
1.618245451526538e-05	9.968784e-04	2.657596e-01
1.620198576526538e-05	9.830680e-04	2.645514e-01
1.622151701526538e-05	9.694304e-04	2.633582e-01
1.624104826526538e-05	9.559633e-04	2.621800e-01
1.626057951526538e-05	9.426646e-04	2.610165e-01
1.628011076526538e-05	9.295322e-04	2.598675e-01
1.629964201526538e-05	9.165641e-04	2.587329e-01
1.631917326526538e-05	9.037581e-04	2.576125e-01
1.633870451526538e-05	8.911123e-04	2.565061e-01
1.635823576526537e-05	8.786246e-04	2.554135e-01
1.637776701526537e-05	8.662930e-04	2.543346e-01
1.639729826526537e-05	8.541158e-04	2.532692e-01
1.641682951526537e-05	8.420907e-04	2.522171e-01
1.643636076526537e-05	8.302160e-04	2.511782e-01
1.645589201526537e-05	8.184899e-04	2.501523e-01
1.647542326526537e-05	8.069103e-04	2.491392e-01
1.649495451526537e-05	7.954756e-04	2.481387e-01
1.651448576526537e-05	7.841839e-04	2.471508e-01
1.653401701526537e-05	7.730334e-04	2.461752e-01
1.655354826526537e-05	7.620223e-04	2.452118e-01
1.657307951526537e-05	7.511489e-04	2.442605e-01
1.659261076526537e-05	7.404115e-04	2.433211e-01
1.661214201526536e-05	7.298084e-04	2.423934e-01
1.663167326526536e-05	7.193378e-04	2.414773e-01
1.665120451526536e-05	7.089982e-04	2.405727e-01
1.667073576526536e-05	6.987879e-04	2.396794e-01
1.669026701526536e-05	6.887053e-04	2.387972e-01
1.670979826526536e-05	6.787488e-04	2.379261e-01
1.672932951526536e-05	6.689168e-04	2.370659e-01
1.674886076526536e-05	6.592077e-04	2.362164e-01
1.676839201526536e-05	6.496200e-04	2.353776e-01
1.678792326526536e-05	6.401523e-04	2.345492e-01
1.680745451526536e-05	6.308029e-04	2.337312e-01
1.682698576526536e-05	6.215704e-04	2.329234e-01
1.684651701526536e-05	6.124535e-04	2.321258e-01
1.686604826526535e-05	6.034505e-04	2.313381e-01
1.688557951526535e-05	5.945601e-04	2.305603e-01
1.690511076526535e-05	5.857809e-04	2.297921e-01
1.692464201526535e-05	5.771114e-04	2.290336e-01
1.694417326526535e-05	5.685504e-04	2.282846e-01
1.696370451526535e-05	5.600965e-04	2.275449e-01
1.698323576526535e-05	5.517482e-04	2.268145e-01
1.700276701526535e-05	5.435044e-04	2.260932e-01
1.702229826526535e-05	5.353636e-04	2.253810e-01
1.704182951526535e-05	5.273247e-04	2.246776e-01
1.706136076526535e-05	5.193863e-04	2.239831e-01
1.708089201526535e-05	5.115471e-04	2.232972e-01
1.710042326526534e-05	5.038060e-04	2.226199e-01
1.711995451526534e-05	4.961617e-04	2.219511e-01
1.713948576526534e-05	4.886129e-04	2.212906e-01
1.715901701526534e-05	4.811586e-04	2.206384e-01
1.717854826526534e-05	4.737975e-04	2.199943e-01
1.719807951526534e-05	4.665285e-04	2.193583e-01
1.721761076526534e-05	4.593503e-04	2.187303e-01
1.723714201526534e-05	4.522619e-04	2.181101e-01
1.725667326526534e-05	4.452622e-04	2.174976e-01
1.727620451526534e-05	4.383500e-04	2.168929e-01
1.729573576526534e-05	4.315242e-04	2.162956e-01
1.731526701526534e-05	4.247838e-04	2.157059e-01
1.733479826526534e-05	4.181277e-04	2.151235e-01
1.735432951526533e-05	4.115548e-04	2.145484e-01
1.737386076526533e-05	4.050641e-04	2.139805e-01
1.739339201526533e-05	3.986545e-04	2.134197e-01
1.741292326526533e-05	3.923252e-04	2.128659e-01
1.743245451526533e-05	3.860750e-04	2.123190e-01
1.745198576526533e-05	3.799029e-04	2.117790e-01
1.747151701526533e-05	3.738080e-04	2.112457e-01
1.749104826526533e-05	3.677894e-04	2.107191e-01
1.751057951526533e-05	3.618460e-04	2.101991e-01
1.753011076526533e-05	3.559769e-04	2.096856e-01
1.754964201526533e-05	3.501812e-04	2.091785e-01
1.756917326526533e-05	3.444580e-04	2.086777e-01
1.758870451526532e-05	3.388064e-04	2.081832e-01
1.760823576526532e-05	3.332254e-04	2.076949e-01
1.762776701526532e-05	3.277143e-04	2.072127e-01
1.764729826526532e-05	3.222720e-04	2.067365e-01
1.766682951526532e-05	3.168978e-04	2.062662e-01
1.768636076526532e-05	3.115908e-04	2.058019e-01
1.770589201526532e-05	3.063502e-04	2.053433e-01
1.772542326526532e-05	3.011751e-04	2.048905e-01
1.774495451526532e-05	2.960648e-04	2.044434e-01
1.776448576526532e-05	2.910183e-04	2.040018e-01
1.778401701526532e-05	2.860349e-04	2.035658e-01
1.780354826526532e-05	2.811139e-04	2.031352e-01
1.782307951526532e-05	2.762544e-04	2.027100e-01
1.784261076526531e-05	2.714557e-04	2.022901e-01
1.786214201526531e-05	2.667170e-04	2.018754e-01
1.788167326526531e-05	2.620375e-04	2.014660e-01
1.790120451526531e-05	2.574165e-04	2.010616e-01
1.792073576526531e-05	2.528534e-04	2.006623e-01
1.794026701526531e-05	2.483473e-04	2.002680e-01
1.795979826526531e-05	2.438975e-04	1.998787e-01
1.797932951526531e-05	2.395035e-04	1.994942e-01
1.799886076526531e-05	2.351643e-04	1.991145e-01
1.801839201526531e-05	2.308794e-04	1.987396e-01
1.803792326526531e-05	2.266481e-04	1.983693e-01
1.805745451526531e-05	2.224697e-04	1.980037e-01
1.807698576526530e-05	2.183436e-04	1.976426e-01
1.809651701526530e-05	2.142690e-04	1.972861e-01
1.811604826526530e-05	2.102454e-04	1.969340e-01
1.813557951526530e-05	2.062722e-04	1.965863e-01
1.815511076526530e-05	2.023486e-04	1.962430e-01
1.817464201526530e-05	1.984741e-04	1.959040e-01
1.819417326526530e-05	1.946480e-04	1.955692e-01
1.821370451526530e-05	1.908698e-04	1.952385e-01
1.823323576526530e-05	1.871388e-04	1.949120e-01
1.825276701526530e-05	1.834545e-04	1.945896e-01
1.827229826526530e-05	1.798162e-04	1.942713e-01
1.829182951526530e-05	1.762235e-04	1.939569e-01
1.831136076526530e-05	1.726756e-04	1.936464e-01
1.833089201526529e-05	1.691722e-04	1.933398e-01
1.835042326526529e-05	1.657125e-04	1.930371e-01
1.836995451526529e-05	1.622962e-04	1.927381e-01
1.838948576526529e-05	1.589225e-04	1.924429e-01
1.840901701526529e-05	1.555910e-04	1.921514e-01
1.842854826526529e-05	1.523012e-04	1.918635e-01
1.844807951526529e-05	1.490526e-04	1.915792e-01
1.846761076526529e-05	1.458445e-04	1.912984e-01
1.848714201526529e-05	1.426766e-04	1.910212e-01
1.850667326526529e-05	1.395483e-04	1.907475e-01
1.852620451526529e-05	1.364591e-04	1.904771e-01
1.854573576526529e-05	1.334085e-04	1.902101e-01
1.856526701526529e-05	1.303961e-04	1.899465e-01
1.858479826526528e-05	1.274214e-04	1.896862e-01
1.860432951526528e-05	1.244838e-04	1.894291e-01
1.862386076526528e-05	1.215830e-04	1.891753e-01
1.864339201526528e-05	1.187185e-04	1.889246e-01
1.866292326526528e-05	1.158898e-04	1.886770e-01
1.868245451526528e-05	1.130964e-04	1.884326e-01
1.870198576526528e-05	1.103380e-04	1.881911e-01
1.872151701526528e-05	1.076141e-04	1.879528e-01
1.874104826526528e-05	1.049243e-04	1.877174e-01
1.876057951526528e-05	1.022681e-04	1.874849e-01
1.878011076526528e-05	9.964508e-05	1.872553e-01
1.879964201526528e-05	9.705488e-05	1.870286e-01
1.881917326526527e-05	9.449708e-05	1.868048e-01
1.883870451526527e-05	9.197126e-05	1.865837e-01
1.885823576526527e-05	8.947703e-05	1.863654e-01
1.887776701526527e-05	8.701399e-05	1.861499e-01
1.889729826526527e-05	8.458176e-05	1.859370e-01
1.891682951526527e-05	8.217993e-05	1.857268e-01
1.893636076526527e-05	7.980815e-05	1.855192e-01
1.895589201526527e-05	7.746602e-05	1.853142e-01
1.897542326526527e-05	7.515318e-05	1.851118e-01
1.899495451526527e-05	7.286926e-05	1.849119e-01
1.901448576526527e-05	7.061390e-05	1.847145e-01
1.903401701526527e-05	6.838675e-05	1.845196e-01
1.905354826526527e-05	6.618745e-05	1.843271e-01
1.907307951526526e-05	6.401566e-05	1.841370e-01
1.909261076526526e-05	6.187102e-05	1.839493e-01
1.911214201526526e-05	5.975319e-05	1.837639e-01
1.913167326526526e-05	5.766186e-05	1.835809e-01
1.915120451526526e-05	5.559667e-05	1.834001e-01
1.917073576526526e-05	5.355732e-05	1.832216e-01
1.919026701526526e-05	5.154346e-05	1.830453e-01
1.920979826526526e-05	4.955479e-05	1.828713e-01
1.922932951526526e-05	4.759098e-05	1.826994e-01
1.924886076526526e-05	4.565174e-05	1.825296e-01
1.926839201526526e-05	4.373675e-05	1.823620e-01
1.928792326526526e-05	4.184569e-05	1.821965e-01
1.930745451526525e-05	3.997829e-05	1.820330e-01
1.932698576526525e-05	3.813425e-05	1.818716e-01
1.934651701526525e-05	3.631326e-05	1.817122e-01
1.936604826526525e-05	3.451505e-05	1.815548e-01
1.938557951526525e-05	3.273932e-05	1.813993e-01
1.940511076526525e-05	3.098580e-05	1.812458e-01
1.942464201526525e-05	2.925420e-05	1.810943e-01
1.944417326526525e-05	2.754426e-05	1.809446e-01
1.946370451526525e-05	2.585570e-05	1.807968e-01
1.948323576526525e-05	2.418826e-05	1.806508e-01
1.950276701526525e-05	2.254167e-05	1.805067e-01
1.952229826526525e-05	2.091567e-05	1.803643e-01
1.954182951526525e-05	1.931001e-05	1.802238e-01
1.956136076526524e-05	1.772442e-05	1.800850e-01
1.958089201526524e-05	1.615866e-05	1.799479e-01
1.960042326526524e-05	1.461248e-05	1.798125e-01
1.961995451526524e-05	1.308564e-05	1.796789e-01
1.963948576526524e-05	1.157789e-05	1.795469e-01
1.965901701526524e-05	1.008900e-05	1.794165e-01
1.967854826526524e-05	8.618723e-06	1.792878e-01
1.969807951526524e-05	7.166834e-06	1.791607e-01
1.971761076526524e-05	5.733101e-06	1.790352e-01
1.973714201526524e-05	4.317296e-06	1.789112e-01
1.975667326526524e-05	2.919197e-06	1.787888e-01
1.977620451526524e-05	1.538582e-06	1.786679e-01
1.979573576526523e-05	1.752310e-07	1.785486e-01
1.981526701526523e-05	-1.171071e-06	1.784307e-01
1.983479826526523e-05	-2.500537e-06	1.783143e-01
1.985432951526523e-05	-3.813378e-06	1.781994e-01
1.987386076526523e-05	-5.109801e-06	1.780859e-01
1.989339201526523e-05	-6.390012e-06	1.779738e-01
1.991292326526523e-05	-7.654214e-06	1.778631e-01
1.993245451526523e-05	-8.902607e-06	1.777538e-01
1.995198576526523e-05	-1.013539e-05	1.776458e-01
1.997151701526523e-05	-1.135275e-05	1.775392e-01
1.999104826526523e-05	-1.255490e-05	1.774340e-01
2.000000000000000e-05	-1.310083e-05	1.773863e-01
